<?xml version="1.0" encoding="utf-8"?>
<COLLADA xmlns="http://www.collada.org/2005/11/COLLADASchema" version="1.4.1">
  <asset>
    <contributor>
      <author>Juan</author>
      <authoring_tool>OpenCOLLADA for 3ds Max;  ;  </authoring_tool>
    </contributor>
    <created>2014-05-17T13:19:09</created>
    <modified>2014-05-17T13:19:09</modified>
    <unit name="inch" meter="0.0254"/>
    <up_axis>Z_UP</up_axis>
  </asset>
  <library_lights>
    <light id="EnvironmentAmbientLight" name="EnvironmentAmbientLight">
      <technique_common>
        <ambient>
          <color>0 0 0</color>
        </ambient>
      </technique_common>
    </light>
  </library_lights>
  <library_visual_scenes>
    <visual_scene id="MaxScene">
      <node name="EnvironmentAmbientLight">
        <instance_light url="#EnvironmentAmbientLight"/>
      </node>
      <node id="node-Bip001_Pelvis" name="Bip001_Pelvis">
        <matrix sid="matrix">-0.05219886 -0.320156 0.9459257 0 0.01764119 -0.947365 -0.3196695 1.284889 0.9984809 8.6427e-7 0.0550993 91.0487 0 0 0 1</matrix>
        <node id="node-Bip001_Spine" name="Bip001_Spine">
          <matrix sid="matrix">0.9972872 0.04218505 -0.06031969 9.842545 -0.04226349 0.9991065 -2.4651e-5 -1.132025 0.06026477 0.002573911 0.9981788 0.5431495 0 0 0 1</matrix>
          <node id="node-Bip001_Spine1" name="Bip001_Spine1">
            <matrix sid="matrix">0.999275 -0.02835857 -0.02541389 28.68501 0.02423947 0.9884127 -0.1498427 -0.02279282 0.02936874 0.149118 0.9883836 -2.24113e-5 0 0 0 1</matrix>
            <node id="node-Bip001_R_UpperArm" name="Bip001_R_UpperArm">
              <matrix sid="matrix">-0.9755551 0.07049818 -0.2081395 20.66263 -0.03640116 -0.9859015 -0.163318 -5.31196 -0.2167187 -0.1517493 0.9643675 -20.37859 0 0 0 1</matrix>
              <node id="node-Bip001_R_Forearm" name="Bip001_R_Forearm">
                <matrix sid="matrix">0.9519119 0.3063727 -1.37091e-6 27.57626 -0.3063726 0.9519121 -4.07919e-7 1.14441e-5 1.20699e-6 8.04663e-7 0.9999999 6.10352e-5 0 0 0 1</matrix>
                <node id="node-Bip001_R_Hand" name="Bip001_R_Hand">
                  <matrix sid="matrix">0.9753987 -0.01834606 0.2196837 26.59834 0.2202133 0.03505981 -0.9748213 -2.95639e-5 0.01018204 0.9992174 0.0382373 -3.8147e-6 0 0 0 1</matrix>
                  <node id="node-Bip001_R_Finger1" name="Bip001_R_Finger1">
                    <matrix>0.9701778 0.2422804 0.007457377 9.817009 -0.2412652 0.9681649 -0.06669226 7.62939e-6 -0.02337821 0.06290414 0.9977457 9.53674e-7 0 0 0 1</matrix>
                    <extra>
                      <technique profile="OpenCOLLADA">
                        <cast_shadows>1</cast_shadows>
                        <primary_visibility>1</primary_visibility>
                        <receive_shadows>1</receive_shadows>
                        <secondary_visibility>1</secondary_visibility>
                      </technique>
                    </extra>
                  </node>
                  <node id="node-Bip001_R_Finger0" name="Bip001_R_Finger0">
                    <matrix>0.7433192 0.629097 -0.2274064 3.711708 0.6162986 -0.5118594 0.5984781 2.343033 0.2601006 -0.5850108 -0.7681861 5.048508 0 0 0 1</matrix>
                    <extra>
                      <technique profile="OpenCOLLADA">
                        <cast_shadows>1</cast_shadows>
                        <primary_visibility>1</primary_visibility>
                        <receive_shadows>1</receive_shadows>
                        <secondary_visibility>1</secondary_visibility>
                      </technique>
                    </extra>
                  </node>
                  <extra>
                    <technique profile="OpenCOLLADA">
                      <cast_shadows>1</cast_shadows>
                      <primary_visibility>1</primary_visibility>
                      <receive_shadows>1</receive_shadows>
                      <secondary_visibility>1</secondary_visibility>
                    </technique>
                  </extra>
                </node>
                <extra>
                  <technique profile="OpenCOLLADA">
                    <cast_shadows>1</cast_shadows>
                    <primary_visibility>1</primary_visibility>
                    <receive_shadows>1</receive_shadows>
                    <secondary_visibility>1</secondary_visibility>
                  </technique>
                </extra>
              </node>
              <extra>
                <technique profile="OpenCOLLADA">
                  <cast_shadows>1</cast_shadows>
                  <primary_visibility>1</primary_visibility>
                  <receive_shadows>1</receive_shadows>
                  <secondary_visibility>1</secondary_visibility>
                </technique>
              </extra>
            </node>
            <node id="node-Bip001_Head" name="Bip001_Head">
              <matrix sid="matrix">0.9940023 -0.1032528 0.03603307 37.34941 0.1077818 0.9807236 -0.1629859 2.440981 -0.01850973 0.1658921 0.9859702 -1.95503e-5 0 0 0 1</matrix>
              <extra>
                <technique profile="OpenCOLLADA">
                  <cast_shadows>1</cast_shadows>
                  <primary_visibility>1</primary_visibility>
                  <receive_shadows>1</receive_shadows>
                  <secondary_visibility>1</secondary_visibility>
                </technique>
              </extra>
            </node>
            <node id="node-Bip001_L_UpperArm" name="Bip001_L_UpperArm">
              <matrix sid="matrix">-0.9584265 0.1679474 0.2306771 17.4073 -0.2299594 -0.9332485 -0.2759816 -6.325139 0.1689286 -0.3175545 0.9330716 17.8774 0 0 0 1</matrix>
              <node id="node-Bip001_L_Forearm" name="Bip001_L_Forearm">
                <matrix sid="matrix">0.9145483 0.404476 2.08616e-7 27.57623 -0.404476 0.9145483 -8.19564e-8 1.52588e-5 -2.23517e-7 3.72529e-9 0.9999999 -1.06812e-4 0 0 0 1</matrix>
                <node id="node-Bip001_L_Hand" name="Bip001_L_Hand">
                  <matrix sid="matrix">0.9753985 -0.01834923 -0.219684 26.5984 0.2202135 0.03505806 0.9748217 -2.09808e-5 -0.01018552 -0.9992164 0.03823635 -3.05176e-5 0 0 0 1</matrix>
                  <node id="node-Bip001_L_Finger1" name="Bip001_L_Finger1">
                    <matrix>0.9578769 -0.2870829 -0.007457012 9.816994 0.2869281 0.9556278 0.06669152 -3.8147e-5 -0.01201987 -0.06602188 0.9977459 8.10623e-6 0 0 0 1</matrix>
                    <extra>
                      <technique profile="OpenCOLLADA">
                        <cast_shadows>1</cast_shadows>
                        <primary_visibility>1</primary_visibility>
                        <receive_shadows>1</receive_shadows>
                        <secondary_visibility>1</secondary_visibility>
                      </technique>
                    </extra>
                  </node>
                  <node id="node-Bip001_L_Finger0" name="Bip001_L_Finger0">
                    <matrix>0.7433198 0.6290966 0.2274062 3.711678 0.6162987 -0.5118597 -0.5984781 2.34301 -0.2601005 0.5850104 -0.7681869 -5.048511 0 0 0 1</matrix>
                    <extra>
                      <technique profile="OpenCOLLADA">
                        <cast_shadows>1</cast_shadows>
                        <primary_visibility>1</primary_visibility>
                        <receive_shadows>1</receive_shadows>
                        <secondary_visibility>1</secondary_visibility>
                      </technique>
                    </extra>
                  </node>
                  <extra>
                    <technique profile="OpenCOLLADA">
                      <cast_shadows>1</cast_shadows>
                      <primary_visibility>1</primary_visibility>
                      <receive_shadows>1</receive_shadows>
                      <secondary_visibility>1</secondary_visibility>
                    </technique>
                  </extra>
                </node>
                <extra>
                  <technique profile="OpenCOLLADA">
                    <cast_shadows>1</cast_shadows>
                    <primary_visibility>1</primary_visibility>
                    <receive_shadows>1</receive_shadows>
                    <secondary_visibility>1</secondary_visibility>
                  </technique>
                </extra>
              </node>
              <extra>
                <technique profile="OpenCOLLADA">
                  <cast_shadows>1</cast_shadows>
                  <primary_visibility>1</primary_visibility>
                  <receive_shadows>1</receive_shadows>
                  <secondary_visibility>1</secondary_visibility>
                </technique>
              </extra>
            </node>
            <extra>
              <technique profile="OpenCOLLADA">
                <cast_shadows>1</cast_shadows>
                <primary_visibility>1</primary_visibility>
                <receive_shadows>1</receive_shadows>
                <secondary_visibility>1</secondary_visibility>
              </technique>
            </extra>
          </node>
          <extra>
            <technique profile="OpenCOLLADA">
              <cast_shadows>1</cast_shadows>
              <primary_visibility>1</primary_visibility>
              <receive_shadows>1</receive_shadows>
              <secondary_visibility>1</secondary_visibility>
            </technique>
          </extra>
        </node>
        <node id="node-Bip001_R_Thigh" name="Bip001_R_Thigh">
          <matrix sid="matrix">-0.948917 -0.04279168 0.31261 -3.05176e-5 -0.1680027 0.9071611 -0.3857894 -8.82149e-6 -0.2670792 -0.4186016 -0.8680097 -10.7261 0 0 0 1</matrix>
          <node id="node-Bip001_R_Calf" name="Bip001_R_Calf">
            <matrix sid="matrix">0.9747958 0.2231004 -1.01328e-6 37.31355 -0.2231004 0.9747955 1.12131e-6 -1.93119e-5 1.2368e-6 -9.31323e-7 1 3.8147e-5 0 0 0 1</matrix>
            <node id="node-Bip001_R_Foot" name="Bip001_R_Foot">
              <matrix sid="matrix">0.9232609 -0.3217425 0.2099312 44.58319 0.2787996 0.9370943 0.2100602 6.67572e-6 -0.2643106 -0.1354117 0.9548839 -7.62939e-6 0 0 0 1</matrix>
              <extra>
                <technique profile="OpenCOLLADA">
                  <cast_shadows>1</cast_shadows>
                  <primary_visibility>1</primary_visibility>
                  <receive_shadows>1</receive_shadows>
                  <secondary_visibility>1</secondary_visibility>
                </technique>
              </extra>
            </node>
            <extra>
              <technique profile="OpenCOLLADA">
                <cast_shadows>1</cast_shadows>
                <primary_visibility>1</primary_visibility>
                <receive_shadows>1</receive_shadows>
                <secondary_visibility>1</secondary_visibility>
              </technique>
            </extra>
          </node>
          <extra>
            <technique profile="OpenCOLLADA">
              <cast_shadows>1</cast_shadows>
              <primary_visibility>1</primary_visibility>
              <receive_shadows>1</receive_shadows>
              <secondary_visibility>1</secondary_visibility>
            </technique>
          </extra>
        </node>
        <node id="node-Bip001_L_Thigh" name="Bip001_L_Thigh">
          <matrix sid="matrix">-0.9143964 0.4041102 0.02396203 7.62939e-6 0.3726878 0.8172306 0.4395888 1.71661e-5 0.1580598 0.4108889 -0.8978794 10.72611 0 0 0 1</matrix>
          <node id="node-Bip001_L_Calf" name="Bip001_L_Calf">
            <matrix sid="matrix">0.9262174 0.3769903 3.85568e-7 37.31358 -0.3769903 0.9262176 4.03263e-7 -1.14441e-5 -2.01166e-7 -5.01866e-7 0.9999999 8.58307e-6 0 0 0 1</matrix>
            <node id="node-Bip001_L_Foot" name="Bip001_L_Foot">
              <matrix sid="matrix">0.9982262 0.05289469 -0.02733437 44.58328 -0.05378099 0.9980149 -0.03277552 -1.14441e-5 0.02554646 0.03418744 0.9990891 -9.53674e-7 0 0 0 1</matrix>
              <extra>
                <technique profile="OpenCOLLADA">
                  <cast_shadows>1</cast_shadows>
                  <primary_visibility>1</primary_visibility>
                  <receive_shadows>1</receive_shadows>
                  <secondary_visibility>1</secondary_visibility>
                </technique>
              </extra>
            </node>
            <extra>
              <technique profile="OpenCOLLADA">
                <cast_shadows>1</cast_shadows>
                <primary_visibility>1</primary_visibility>
                <receive_shadows>1</receive_shadows>
                <secondary_visibility>1</secondary_visibility>
              </technique>
            </extra>
          </node>
          <extra>
            <technique profile="OpenCOLLADA">
              <cast_shadows>1</cast_shadows>
              <primary_visibility>1</primary_visibility>
              <receive_shadows>1</receive_shadows>
              <secondary_visibility>1</secondary_visibility>
            </technique>
          </extra>
        </node>
        <extra>
          <technique profile="OpenCOLLADA">
            <cast_shadows>1</cast_shadows>
            <primary_visibility>1</primary_visibility>
            <receive_shadows>1</receive_shadows>
            <secondary_visibility>1</secondary_visibility>
          </technique>
        </extra>
      </node>
    </visual_scene>
  </library_visual_scenes>
  <library_animations>
    <animation>
      <source id="node-Bip001_Pelvis_matrix-input">
        <float_array id="node-Bip001_Pelvis_matrix-input-array" count="61">0 0.03333334 0.06666667 0.1 0.1333333 0.1666667 0.2 0.2333333 0.2666667 0.3 0.3333333 0.3666667 0.4 0.4333333 0.4666667 0.5 0.5333334 0.5666667 0.6 0.6333333 0.6666667 0.7 0.7333333 0.7666667 0.8 0.8333333 0.8666667 0.9 0.9333333 0.9666666 1 1.033333 1.066667 1.1 1.133333 1.166667 1.2 1.233333 1.266667 1.3 1.333333 1.366667 1.4 1.433333 1.466667 1.5 1.533333 1.566667 1.6 1.633333 1.666667 1.7 1.733333 1.766667 1.8 1.833333 1.866667 1.9 1.933333 1.966667 2</float_array>
        <technique_common>
          <accessor source="#node-Bip001_Pelvis_matrix-input-array" count="61" stride="1">
            <param name="TIME" type="float"/>
          </accessor>
        </technique_common>
      </source>
      <source id="node-Bip001_Pelvis_matrix-output">
        <float_array id="node-Bip001_Pelvis_matrix-output-array" count="976">-0.05219882 -0.320156 0.9459257 0 0.01764118 -0.947365 -0.3196696 1.284889 0.9984809 8.6427e-7 0.05509924 91.0487 0 0 0 1 -0.03786128 -0.3201553 0.9466082 0 0.01279592 -0.9473652 -0.3198995 0.8112888 0.9992011 9.38777e-7 0.03996515 91.01003 0 0 0 1 -0.02450489 -0.3201559 0.9470479 0 0.008282184 -0.9473649 -0.3200488 0.3703508 0.9996654 8.94071e-7 0.02586662 90.90121 0 0 0 1 -0.01213324 -0.3201583 0.9472864 0 0.004101276 -0.9473639 -0.3201321 -0.03792572 0.999918 8.64257e-7 0.01280766 90.73303 0 0 0 1 0 -0.3201557 0.9473648 0 0 -0.9473648 -0.3201557 -0.4135394 1 0 0 90.51631 0 0 0 1 0.00964421 -0.3201577 0.9473153 0 -0.003258228 -0.9473644 -0.3201411 -0.7564917 0.9999483 8.9464e-7 -0.01017969 90.26181 0 0 0 1 0.01904726 -0.3201568 0.9471731 0 -0.00643593 -0.9473646 -0.3200922 -1.066781 0.9997979 9.26303e-7 -0.02010524 89.98033 0 0 0 1 0.02745902 -0.3201555 0.946967 0 -0.009278655 -0.9473649 -0.320021 -1.344409 0.9995799 8.79966e-7 -0.0289843 89.68266 0 0 0 1 0.0348792 -0.320156 0.9467226 0 -0.01178628 -0.9473648 -0.319939 -1.589374 0.9993221 8.82441e-7 -0.03681677 89.37959 0 0 0 1 0.0413084 -0.3201558 0.9464639 0 -0.01395893 -0.9473648 -0.3198514 -1.801678 0.9990489 8.94143e-7 -0.04360318 89.08191 0 0 0 1 0.04674714 -0.3201552 0.9462111 0 -0.01579689 -0.947365 -0.3197652 -1.981319 0.9987818 8.80455e-7 -0.04934406 88.80044 0 0 0 1 0.05119585 -0.3201557 0.9459806 0 -0.0173003 -0.9473648 -0.319688 -2.128299 0.9985388 9.2107e-7 -0.05403995 88.54593 0 0 0 1 0.05465507 -0.3201559 0.9457871 0 -0.01846933 -0.9473651 -0.3196226 -2.242616 0.9983346 9.06485e-7 -0.05769139 88.3292 0 0 0 1 0.05712562 -0.3201563 0.945641 0 -0.01930427 -0.9473649 -0.3195738 -2.324271 0.9981805 9.15343e-7 -0.06029915 88.16103 0 0 0 1 0.05860769 -0.320156 0.9455503 0 -0.01980513 -0.947365 -0.3195428 -2.373264 0.9980846 9.22616e-7 -0.0618636 88.05222 0 0 0 1 0.0591014 -0.3201561 0.9455195 0 -0.01997202 -0.9473648 -0.3195326 -2.389595 0.9980522 8.80545e-7 -0.06238472 88.01354 0 0 0 1 0.05817091 -0.3201555 0.9455773 0 -0.01965749 -0.9473649 -0.3195514 -2.359689 0.998113 8.99387e-7 -0.06140255 88.05222 0 0 0 1 0.0555036 -0.3201561 0.9457376 0 -0.01875609 -0.9473649 -0.3196061 -2.273848 0.9982824 9.20558e-7 -0.05858701 88.16103 0 0 0 1 0.05128586 -0.3201557 0.9459757 0 -0.01733076 -0.9473649 -0.3196863 -2.13789 0.9985336 9.08272e-7 -0.05413496 88.3292 0 0 0 1 0.0457037 -0.3201549 0.9462621 0 -0.01544427 -0.9473651 -0.3197822 -1.957634 0.9988356 8.73651e-7 -0.04824268 88.54593 0 0 0 1 0.03894352 -0.3201553 0.9465643 0 -0.01315975 -0.947365 -0.3198847 -1.738898 0.9991548 8.75796e-7 -0.04110693 88.80044 0 0 0 1 0.03119194 -0.3201555 0.9468514 0 -0.01054018 -0.9473651 -0.3199819 -1.487499 0.999458 8.50533e-7 -0.03292465 89.08191 0 0 0 1 0.02263635 -0.3201553 0.9470946 0 -0.007648825 -0.947365 -0.320064 -1.209258 0.9997145 9.0995e-7 -0.02389371 89.37959 0 0 0 1 0.01346391 -0.3201586 0.9472684 0 -0.004549086 -0.947364 -0.3201263 -0.9099893 0.999899 9.38631e-7 -0.01421165 89.68266 0 0 0 1 0.003862619 -0.3201611 0.9473553 0 -0.001304447 -0.9473633 -0.3201584 -0.5955136 0.9999917 8.79472e-7 -0.004076957 89.98033 0 0 0 1 -0.005978703 -0.3201579 0.9473454 0 0.002021372 -0.9473643 -0.3201515 -0.2716484 0.9999801 8.94058e-7 0.006311178 90.26181 0 0 0 1 -0.01587224 -0.3201568 0.9472316 0 0.005364835 -0.9473646 -0.3201118 0.05578851 0.9998596 8.79166e-7 0.01675438 90.51631 0 0 0 1 -0.02562898 -0.3201551 0.9470184 0 0.008662045 -0.9473651 -0.3200379 0.3809786 0.999634 8.94069e-7 0.02705317 90.73303 0 0 0 1 -0.03506082 -0.320155 0.9467161 0 0.01184946 -0.9473653 -0.3199356 0.6981049 0.999315 9.08973e-7 0.03700906 90.90121 0 0 0 1 -0.04397994 -0.3201559 0.9463434 0 0.01486366 -0.9473648 -0.3198108 1.001347 0.9989218 8.94068e-7 0.04642373 91.01003 0 0 0 1 -0.05219882 -0.320156 0.9459257 0 0.01764118 -0.947365 -0.3196696 1.284889 0.9984809 8.6427e-7 0.05509924 91.0487 0 0 0 1 -0.06056368 -0.3201557 0.945427 0 0.02046805 -0.9473648 -0.3195008 1.578669 0.9979544 9.38772e-7 0.0639289 91.01003 0 0 0 1 -0.06989228 -0.3201557 0.9447833 0 0.02362054 -0.9473651 -0.3192831 1.910722 0.997275 8.64268e-7 0.0737757 90.90121 0 0 0 1 -0.07995212 -0.3201556 0.9439852 0 0.02702015 -0.947365 -0.3190134 2.272372 0.9964326 8.49367e-7 0.08439451 90.73303 0 0 0 1 -0.09051215 -0.3201556 0.9430313 0 0.03058886 -0.947365 -0.3186909 2.654945 0.9954255 8.79169e-7 0.09554123 90.51631 0 0 0 1 -0.1013408 -0.3201558 0.9419292 0 0.03424841 -0.9473649 -0.3183187 3.049762 0.9942621 9.53674e-7 0.1069715 90.26181 0 0 0 1 -0.1122089 -0.3201557 0.9406962 0 0.03792119 -0.9473649 -0.3179019 3.448155 0.9929608 9.08971e-7 0.1184434 89.98033 0 0 0 1 -0.1228862 -0.3201555 0.9393614 0 0.04152947 -0.9473652 -0.3174505 3.841441 0.9915516 9.08972e-7 0.129714 89.68266 0 0 0 1 -0.1331453 -0.3201555 0.9379621 0 0.0449965 -0.9473651 -0.3169776 4.22095 0.9900746 9.08972e-7 0.1405431 89.37959 0 0 0 1 -0.1427597 -0.3201559 0.9365467 0 0.0482456 -0.9473647 -0.3164999 4.578002 0.9885808 8.64266e-7 0.1506917 89.08191 0 0 0 1 -0.1515049 -0.3201557 0.935172 0 0.05120098 -0.9473651 -0.316035 4.903927 0.9871296 8.79169e-7 0.1599227 88.80044 0 0 0 1 -0.1591576 -0.3201557 0.9339 0 0.05378723 -0.9473651 -0.3156051 5.190044 0.9857869 9.38773e-7 0.1680006 88.54593 0 0 0 1 -0.1654958 -0.3201559 0.9327976 0 0.05592912 -0.947365 -0.3152328 5.427682 0.9846233 8.9407e-7 0.1746909 88.3292 0 0 0 1 -0.1702979 -0.3201557 0.9319328 0 0.05755198 -0.9473648 -0.3149405 5.608166 0.9837104 8.79168e-7 0.1797598 88.16103 0 0 0 1 -0.1733424 -0.3201558 0.9313715 0 0.05858087 -0.9473651 -0.3147507 5.722816 0.9831178 9.08971e-7 0.1829735 88.05222 0 0 0 1 -0.1744071 -0.3201556 0.9311729 0 0.05894064 -0.9473654 -0.3146833 5.762961 0.9829083 9.23874e-7 0.1840974 88.01354 0 0 0 1 -0.1738688 -0.3201558 0.9312734 0 0.05875873 -0.9473651 -0.3147175 5.743059 0.9830143 9.08971e-7 0.1835291 88.05222 0 0 0 1 -0.172254 -0.3201561 0.9315732 0 0.05821311 -0.9473648 -0.3148193 5.683351 0.983331 9.23872e-7 0.1818246 88.16103 0 0 0 1 -0.1695616 -0.3201557 0.9320672 0 0.05730313 -0.9473649 -0.3149858 5.583839 0.9838522 8.9407e-7 0.1789827 88.3292 0 0 0 1 -0.1657897 -0.3201558 0.9327456 0 0.05602848 -0.947365 -0.3152151 5.444521 0.9845684 9.08972e-7 0.1750012 88.54593 0 0 0 1 -0.1609361 -0.3201557 0.9335952 0 0.05438828 -0.9473649 -0.3155021 5.265397 0.9854651 9.38774e-7 0.169878 88.80044 0 0 0 1 -0.1549985 -0.3201557 0.9345994 0 0.05238157 -0.9473651 -0.3158415 5.046471 0.9865252 8.64268e-7 0.1636104 89.08191 0 0 0 1 -0.1479725 -0.3201557 0.9357374 0 0.05000728 -0.9473648 -0.3162261 4.787735 0.9877262 8.94069e-7 0.1561941 89.37959 0 0 0 1 -0.1398559 -0.3201558 0.9369848 0 0.04726433 -0.9473648 -0.3166478 4.489199 0.9890432 8.94069e-7 0.1476266 89.68266 0 0 0 1 -0.1306442 -0.3201559 0.9383136 0 0.0441513 -0.9473648 -0.317097 4.150855 0.9904457 8.94069e-7 0.137903 89.98033 0 0 0 1 -0.120334 -0.3201557 0.9396914 0 0.04066699 -0.9473651 -0.3175624 3.772706 0.9919003 8.7917e-7 0.12702 90.26181 0 0 0 1 -0.1089215 -0.3201556 0.9410825 0 0.03681021 -0.9473649 -0.3180325 3.354753 0.9933686 9.08972e-7 0.1149734 90.51631 0 0 0 1 -0.09640371 -0.3201559 0.9424471 0 0.03257995 -0.9473649 -0.3184939 2.896995 0.994809 8.9407e-7 0.1017602 90.73303 0 0 0 1 -0.08277821 -0.3201557 0.9437417 0 0.02797526 -0.9473651 -0.3189312 2.399431 0.9961754 8.9407e-7 0.0873776 90.90121 0 0 0 1 -0.06804335 -0.320156 0.944918 0 0.02299576 -0.9473647 -0.3193292 1.862062 0.9974172 8.94069e-7 0.07182407 91.01003 0 0 0 1 -0.05219882 -0.320156 0.9459257 0 0.01764118 -0.947365 -0.3196696 1.284889 0.9984809 8.6427e-7 0.05509924 91.0487 0 0 0 1</float_array>
        <technique_common>
          <accessor source="#node-Bip001_Pelvis_matrix-output-array" count="61" stride="16">
            <param name="TRANSFORM" type="float4x4"/>
          </accessor>
        </technique_common>
      </source>
      <source id="node-Bip001_Pelvis_matrix-interpolation">
        <Name_array id="node-Bip001_Pelvis_matrix-interpolation-array" count="61">LINEAR LINEAR LINEAR LINEAR LINEAR LINEAR LINEAR LINEAR LINEAR LINEAR LINEAR LINEAR LINEAR LINEAR LINEAR LINEAR LINEAR LINEAR LINEAR LINEAR LINEAR LINEAR LINEAR LINEAR LINEAR LINEAR LINEAR LINEAR LINEAR LINEAR LINEAR LINEAR LINEAR LINEAR LINEAR LINEAR LINEAR LINEAR LINEAR LINEAR LINEAR LINEAR LINEAR LINEAR LINEAR LINEAR LINEAR LINEAR LINEAR LINEAR LINEAR LINEAR LINEAR LINEAR LINEAR LINEAR LINEAR LINEAR LINEAR LINEAR LINEAR</Name_array>
        <technique_common>
          <accessor source="#node-Bip001_Pelvis_matrix-interpolation-array" count="61" stride="1">
            <param name="INTERPOLATION" type="name"/>
          </accessor>
        </technique_common>
      </source>
      <source id="node-Bip001_Spine_matrix-input">
        <float_array id="node-Bip001_Spine_matrix-input-array" count="61">0 0.03333334 0.06666667 0.1 0.1333333 0.1666667 0.2 0.2333333 0.2666667 0.3 0.3333333 0.3666667 0.4 0.4333333 0.4666667 0.5 0.5333334 0.5666667 0.6 0.6333333 0.6666667 0.7 0.7333333 0.7666667 0.8 0.8333333 0.8666667 0.9 0.9333333 0.9666666 1 1.033333 1.066667 1.1 1.133333 1.166667 1.2 1.233333 1.266667 1.3 1.333333 1.366667 1.4 1.433333 1.466667 1.5 1.533333 1.566667 1.6 1.633333 1.666667 1.7 1.733333 1.766667 1.8 1.833333 1.866667 1.9 1.933333 1.966667 2</float_array>
        <technique_common>
          <accessor source="#node-Bip001_Spine_matrix-input-array" count="61" stride="1">
            <param name="TIME" type="float"/>
          </accessor>
        </technique_common>
      </source>
      <source id="node-Bip001_Spine_matrix-output">
        <float_array id="node-Bip001_Spine_matrix-output-array" count="976">0.9972872 0.042185 -0.06031966 9.842545 -0.04226344 0.9991065 -2.4651e-5 -1.132025 0.06026476 0.002573907 0.9981788 0.5431495 0 0 0 1 0.9980857 0.04221916 -0.04518955 9.849633 -0.04226338 0.9991066 -2.46514e-5 -1.132025 0.04514819 0.001934409 0.9989784 0.3939655 0 0 0 1 0.9986234 0.04224222 -0.03109377 9.854218 -0.04226344 0.9991066 -2.47108e-5 -1.132025 0.03106498 0.00133872 0.9995165 0.2549906 0 0 0 1 0.9989439 0.04225617 -0.01803636 9.85672 -0.0422635 0.9991067 -2.47404e-5 -1.132026 0.01801925 7.8699e-4 0.9998372 0.1262618 0 0 0 1 0.9990884 0.04226243 -0.006020784 9.857529 -0.04226338 0.9991066 -2.46763e-5 -1.132025 0.006014347 2.79127e-4 0.9999818 0.007811486 0 0 0 1 0.9990942 0.04226309 0.004950642 9.85701 -0.04226344 0.9991067 -2.46214e-5 -1.132025 -0.004947304 -1.84632e-4 0.9999878 -0.1003381 0 0 0 1 0.998996 0.04225909 0.01487678 9.855523 -0.04226344 0.9991066 -2.46812e-5 -1.132025 -0.01486456 -6.04061e-4 0.9998894 -0.1981792 0 0 0 1 0.9988246 0.04225212 0.02375674 9.853356 -0.04226344 0.9991068 -2.46511e-5 -1.132025 -0.02373659 -9.79473e-4 0.999718 -0.2857037 0 0 0 1 0.9986078 0.04224318 0.03159064 9.850846 -0.04226344 0.9991065 -2.46809e-5 -1.132025 -0.03156346 -0.001310467 0.9995009 -0.3629136 0 0 0 1 0.9983702 0.04223328 0.03837841 9.848176 -0.04226344 0.9991065 -2.47108e-5 -1.132025 -0.03834515 -0.001597344 0.9992632 -0.4298122 0 0 0 1 0.9981338 0.04222339 0.04412049 9.845505 -0.04226344 0.9991066 -2.46511e-5 -1.132025 -0.0440821 -0.001840114 0.9990264 -0.4864006 0 0 0 1 0.9979152 0.04221421 0.04881757 9.843102 -0.04226338 0.9991065 -2.47706e-5 -1.132025 -0.04877501 -0.002038419 0.9988076 -0.5326905 0 0 0 1 0.99773 0.04220646 0.05247002 9.841095 -0.04226338 0.9991066 -2.44725e-5 -1.132025 -0.05242419 -0.002193152 0.9986225 -0.5686846 0 0 0 1 0.9975896 0.04220062 0.05507856 9.839562 -0.04226338 0.9991061 -2.46811e-5 -1.132025 -0.0550304 -0.002303242 0.9984815 -0.5943899 0 0 0 1 0.9975023 0.04219698 0.05664366 9.838616 -0.04226344 0.9991067 -2.46811e-5 -1.132025 -0.05659407 -0.002369225 0.9983946 -0.6098123 0 0 0 1 0.9974726 0.04219573 0.0571649 9.838326 -0.04226344 0.9991063 -2.46511e-5 -1.132025 -0.05711483 -0.002391397 0.9983646 -0.6149497 0 0 0 1 0.9975286 0.04219806 0.05618238 9.838898 -0.04226344 0.9991068 -2.4681e-5 -1.132025 -0.05613321 -0.002349853 0.9984207 -0.605268 0 0 0 1 0.9976826 0.04220449 0.05336594 9.840577 -0.04226344 0.9991066 -2.45917e-5 -1.132025 -0.05331933 -0.002230882 0.9985752 -0.5775132 0 0 0 1 0.9979104 0.04221403 0.0489127 9.843064 -0.04226338 0.9991065 -2.48003e-5 -1.132025 -0.04887002 -0.002042531 0.998803 -0.5336285 0 0 0 1 0.9981818 0.04222536 0.04301875 9.846032 -0.04226344 0.9991069 -2.46809e-5 -1.132025 -0.04298132 -0.001793503 0.9990743 -0.4755428 0 0 0 1 0.9984631 0.04223716 0.03588145 9.849183 -0.04226344 0.9991066 -2.46809e-5 -1.132025 -0.03585046 -0.001491785 0.9993557 -0.4052026 0 0 0 1 0.9987231 0.04224789 0.02769786 9.852189 -0.04226344 0.9991065 -2.45318e-5 -1.132025 -0.02767413 -0.001146078 0.9996163 -0.3245473 0 0 0 1 0.9989323 0.04225653 0.01866567 9.854714 -0.04226338 0.9991065 -2.46513e-5 -1.132025 -0.01865005 -7.64206e-4 0.9998257 -0.2355241 0 0 0 1 0.9990663 0.04226195 0.008982896 9.856499 -0.04226344 0.9991066 -2.46216e-5 -1.132025 -0.008975863 -3.55038e-4 0.9999594 -0.140083 0 0 0 1 0.9991059 0.04226344 -0.001152217 9.857438 -0.0422635 0.9991067 -2.46809e-5 -1.132025 0.001150131 7.33519e-5 0.9999994 -0.04018026 0 0 0 1 0.9990397 0.04226034 -0.01154035 9.857323 -0.04226344 0.9991065 -2.45916e-5 -1.132025 0.01152896 5.12306e-4 0.9999333 0.06222265 0 0 0 1 0.998865 0.04225271 -0.02198272 9.856125 -0.04226344 0.9991066 -2.46213e-5 -1.132025 0.02196204 9.53733e-4 0.9997581 0.1651655 0 0 0 1 0.9985859 0.04224061 -0.03228014 9.85392 -0.04226344 0.9991063 -2.4681e-5 -1.132025 0.03225028 0.001388788 0.9994786 0.2666876 0 0 0 1 0.9982149 0.04222464 -0.04223418 9.850762 -0.04226338 0.9991067 -2.47705e-5 -1.132025 0.04219537 0.001809597 0.9991078 0.3648267 0 0 0 1 0.997773 0.04220575 -0.05164676 9.846886 -0.04226344 0.9991066 -2.47406e-5 -1.132025 0.05159956 0.002207517 0.9986651 0.4576321 0 0 0 1 0.9972872 0.042185 -0.06031966 9.842545 -0.04226344 0.9991065 -2.4651e-5 -1.132025 0.06026476 0.002573907 0.9981788 0.5431495 0 0 0 1 0.9967153 0.04216057 -0.06914669 9.837349 -0.04226338 0.9991067 -2.47408e-5 -1.132025 0.06908386 0.002946972 0.9976063 0.630189 0 0 0 1 0.9959849 0.04212945 -0.07898968 9.830651 -0.04226344 0.9991062 -2.47404e-5 -1.132025 0.07891803 0.003362953 0.9968752 0.7272544 0 0 0 1 0.995088 0.04209125 -0.0896039 9.822365 -0.0422635 0.9991069 -2.4651e-5 -1.132026 0.08952283 0.003811478 0.9959775 0.8319302 0 0 0 1 0.9940233 0.04204595 -0.1007452 9.812424 -0.04226344 0.9991065 -2.46809e-5 -1.132026 0.1006542 0.004282295 0.994912 0.9418078 0 0 0 1 0.9928013 0.04199391 -0.1121693 9.800965 -0.04226338 0.9991064 -2.47111e-5 -1.132025 0.112068 0.004765212 0.993689 1.054482 0 0 0 1 0.9914413 0.04193615 -0.1236342 9.788132 -0.04226344 0.9991065 -2.46513e-5 -1.132026 0.1235227 0.005249679 0.9923276 1.167566 0 0 0 1 0.9899743 0.04187381 -0.1348971 9.774216 -0.04226344 0.9991062 -2.46215e-5 -1.132025 0.1347755 0.005725562 0.9908593 1.278664 0 0 0 1 0.9884422 0.04180872 -0.1457184 9.759675 -0.04226344 0.9991064 -2.47407e-5 -1.132025 0.1455872 0.006183028 0.9893258 1.385414 0 0 0 1 0.9868967 0.04174309 -0.1558592 9.744957 -0.04226344 0.9991065 -2.46511e-5 -1.132025 0.1557189 0.006611406 0.9877792 1.485455 0 0 0 1 0.9853988 0.0416795 -0.1650825 9.730637 -0.04226344 0.9991067 -2.45021e-5 -1.132025 0.164934 0.007001101 0.9862796 1.576449 0 0 0 1 0.9840151 0.04162073 -0.1731532 9.717415 -0.04226338 0.9991065 -2.46813e-5 -1.132025 0.1729975 0.007342278 0.9848948 1.656075 0 0 0 1 0.9828174 0.04156994 -0.1798374 9.705941 -0.04226344 0.9991064 -2.47108e-5 -1.132023 0.1796756 0.007624804 0.9836962 1.722028 0 0 0 1 0.9818791 0.04153013 -0.1849015 9.69693 -0.04226344 0.9991065 -2.45915e-5 -1.132025 0.1847352 0.007838666 0.9827572 1.771995 0 0 0 1 0.9812701 0.04150432 -0.1881119 9.691056 -0.04226344 0.9991065 -2.47109e-5 -1.132026 0.1879428 0.007974445 0.9821473 1.803669 0 0 0 1 0.9810549 0.04149514 -0.1892344 9.689026 -0.04226344 0.9991067 -2.46514e-5 -1.132025 0.1890643 0.008021891 0.9819319 1.814751 0 0 0 1 0.9811637 0.04149979 -0.1886671 9.690056 -0.04226344 0.9991064 -2.46811e-5 -1.132024 0.1884975 0.00799787 0.982041 1.809148 0 0 0 1 0.9814892 0.04151356 -0.1869642 9.693192 -0.04226338 0.9991067 -2.46812e-5 -1.132024 0.1867963 0.007925927 0.9823666 1.792349 0 0 0 1 0.9820247 0.04153633 -0.184125 9.698342 -0.04226344 0.9991065 -2.47108e-5 -1.132026 0.1839595 0.007805943 0.9829028 1.764334 0 0 0 1 0.9827609 0.0415675 -0.1801471 9.705384 -0.04226338 0.9991063 -2.46811e-5 -1.132023 0.1799852 0.007637858 0.9836393 1.725084 0 0 0 1 0.9836838 0.04160666 -0.1750289 9.714219 -0.04226338 0.9991065 -2.48302e-5 -1.132025 0.1748715 0.007421672 0.9845633 1.674581 0 0 0 1 0.9847756 0.04165309 -0.1687667 9.724678 -0.0422635 0.9991065 -2.47703e-5 -1.132026 0.1686149 0.007157087 0.9856559 1.612802 0 0 0 1 0.9860143 0.04170566 -0.1613571 9.736519 -0.04226344 0.9991066 -2.4681e-5 -1.132026 0.1612119 0.006843864 0.9868963 1.539694 0 0 0 1 0.9873748 0.04176336 -0.1527966 9.749489 -0.04226344 0.9991066 -2.46512e-5 -1.132024 0.152659 0.006482064 0.9882577 1.455239 0 0 0 1 0.988827 0.04182505 -0.1430804 9.763344 -0.04226344 0.9991067 -2.47406e-5 -1.132026 0.1429515 0.006071448 0.9897111 1.359391 0 0 0 1 0.990337 0.04188919 -0.132205 9.777672 -0.04226344 0.9991065 -2.47107e-5 -1.132025 0.1320859 0.005611836 0.9912223 1.25211 0 0 0 1 0.9918668 0.04195421 -0.1201663 9.792153 -0.04226344 0.9991064 -2.46811e-5 -1.132025 0.1200579 0.00510317 0.9927536 1.133361 0 0 0 1 0.993375 0.04201835 -0.1069608 9.806359 -0.04226344 0.9991065 -2.45916e-5 -1.132025 0.1068642 0.004545032 0.9942629 1.003113 0 0 0 1 0.9948152 0.04207962 -0.09258562 9.819825 -0.04226344 0.9991067 -2.46214e-5 -1.132025 0.09250187 0.003937542 0.9957046 0.8613358 0 0 0 1 0.9961373 0.04213589 -0.07703894 9.832055 -0.04226344 0.9991068 -2.47108e-5 -1.132025 0.07696902 0.00328052 0.9970282 0.7080155 0 0 0 1 0.9972872 0.042185 -0.06031966 9.842545 -0.04226344 0.9991065 -2.4651e-5 -1.132025 0.06026476 0.002573907 0.9981788 0.5431495 0 0 0 1</float_array>
        <technique_common>
          <accessor source="#node-Bip001_Spine_matrix-output-array" count="61" stride="16">
            <param name="TRANSFORM" type="float4x4"/>
          </accessor>
        </technique_common>
      </source>
      <source id="node-Bip001_Spine_matrix-interpolation">
        <Name_array id="node-Bip001_Spine_matrix-interpolation-array" count="61">LINEAR LINEAR LINEAR LINEAR LINEAR LINEAR LINEAR LINEAR LINEAR LINEAR LINEAR LINEAR LINEAR LINEAR LINEAR LINEAR LINEAR LINEAR LINEAR LINEAR LINEAR LINEAR LINEAR LINEAR LINEAR LINEAR LINEAR LINEAR LINEAR LINEAR LINEAR LINEAR LINEAR LINEAR LINEAR LINEAR LINEAR LINEAR LINEAR LINEAR LINEAR LINEAR LINEAR LINEAR LINEAR LINEAR LINEAR LINEAR LINEAR LINEAR LINEAR LINEAR LINEAR LINEAR LINEAR LINEAR LINEAR LINEAR LINEAR LINEAR LINEAR</Name_array>
        <technique_common>
          <accessor source="#node-Bip001_Spine_matrix-interpolation-array" count="61" stride="1">
            <param name="INTERPOLATION" type="name"/>
          </accessor>
        </technique_common>
      </source>
      <source id="node-Bip001_Spine1_matrix-input">
        <float_array id="node-Bip001_Spine1_matrix-input-array" count="61">0 0.03333334 0.06666667 0.1 0.1333333 0.1666667 0.2 0.2333333 0.2666667 0.3 0.3333333 0.3666667 0.4 0.4333333 0.4666667 0.5 0.5333334 0.5666667 0.6 0.6333333 0.6666667 0.7 0.7333333 0.7666667 0.8 0.8333333 0.8666667 0.9 0.9333333 0.9666666 1 1.033333 1.066667 1.1 1.133333 1.166667 1.2 1.233333 1.266667 1.3 1.333333 1.366667 1.4 1.433333 1.466667 1.5 1.533333 1.566667 1.6 1.633333 1.666667 1.7 1.733333 1.766667 1.8 1.833333 1.866667 1.9 1.933333 1.966667 2</float_array>
        <technique_common>
          <accessor source="#node-Bip001_Spine1_matrix-input-array" count="61" stride="1">
            <param name="TIME" type="float"/>
          </accessor>
        </technique_common>
      </source>
      <source id="node-Bip001_Spine1_matrix-output">
