<?xml version="1.0" encoding="utf-8"?>
<COLLADA xmlns="http://www.collada.org/2005/11/COLLADASchema" version="1.4.1">
  <asset>
    <contributor>
      <author>Juan</author>
      <authoring_tool>OpenCOLLADA for 3ds Max;  ;  </authoring_tool>
    </contributor>
    <created>2014-04-27T23:07:44</created>
    <modified>2014-04-27T23:07:44</modified>
    <unit name="inch" meter="0.0254"/>
    <up_axis>Z_UP</up_axis>
  </asset>
  <library_lights>
    <light id="EnvironmentAmbientLight" name="EnvironmentAmbientLight">
      <technique_common>
        <ambient>
          <color>0 0 0</color>
        </ambient>
      </technique_common>
    </light>
  </library_lights>
  <library_visual_scenes>
    <visual_scene id="MaxScene">
      <node name="EnvironmentAmbientLight">
        <instance_light url="#EnvironmentAmbientLight"/>
      </node>
      <node id="node-Bip001_Pelvis" name="Bip001_Pelvis">
        <matrix sid="matrix">-0.225595 -0.6039073 0.7644627 -0.01429554 0.2218354 -0.7959204 -0.5632939 -5.790856 0.9486287 0.04250859 0.3135235 93.62537 0 0 0 1</matrix>
        <node id="node-Bip001_Spine" name="Bip001_Spine">
          <matrix sid="matrix">0.958945 0.005992301 -0.2835293 9.523582 -0.04810221 0.9887267 -0.1417936 -1.695363 0.2794833 0.1496105 0.9484228 2.208843 0 0 0 1</matrix>
          <node id="node-Bip001_Spine1" name="Bip001_Spine1">
            <matrix sid="matrix">0.9939232 -0.06545632 -0.08849826 28.685 0.08768047 0.9568567 0.2770149 -0.02279282 0.0665478 -0.2830912 0.9567813 -1.52588e-5 0 0 0 1</matrix>
            <node id="node-Bip001_R_UpperArm" name="Bip001_R_UpperArm">
              <matrix sid="matrix">-0.690909 -0.162205 -0.7045102 20.66257 -0.4008847 -0.7249944 0.5600666 -5.311963 -0.6016114 0.6693822 0.4358796 -20.37859 0 0 0 1</matrix>
              <node id="node-Bip001_R_Forearm" name="Bip001_R_Forearm">
                <matrix sid="matrix">0.2864226 0.9581035 -1.2219e-6 27.57623 -0.9581031 0.2864227 -7.30157e-7 1.14441e-5 -3.08617e-7 1.46031e-6 0.9999999 5.34058e-5 0 0 0 1</matrix>
                <node id="node-Bip001_R_Hand" name="Bip001_R_Hand">
                  <matrix sid="matrix">0.9785836 0.02924532 0.2037625 26.59834 0.2024062 0.04361638 -0.9783299 -2.28882e-5 -0.03749897 0.9986201 0.03676283 0 0 0 0 1</matrix>
                  <node id="node-Bip001_R_Finger1" name="Bip001_R_Finger1">
                    <matrix sid="matrix">0.9363554 0.3509738 0.00745739 9.81699 -0.3497363 0.9344712 -0.06669295 1.52588e-5 -0.03037618 0.05984008 0.9977458 7.62939e-6 0 0 0 1</matrix>
                    <extra>
                      <technique profile="OpenCOLLADA">
                        <cast_shadows>1</cast_shadows>
                        <primary_visibility>1</primary_visibility>
                        <receive_shadows>1</receive_shadows>
                        <secondary_visibility>1</secondary_visibility>
                      </technique>
                    </extra>
                  </node>
                  <node id="node-Bip001_R_Finger0" name="Bip001_R_Finger0">
                    <matrix sid="matrix">0.7676211 0.6036698 -0.2152688 3.711704 0.5588416 -0.466006 0.6859553 2.343048 0.3137739 -0.6468546 -0.6950722 5.048508 0 0 0 1</matrix>
                    <extra>
                      <technique profile="OpenCOLLADA">
                        <cast_shadows>1</cast_shadows>
                        <primary_visibility>1</primary_visibility>
                        <receive_shadows>1</receive_shadows>
                        <secondary_visibility>1</secondary_visibility>
                      </technique>
                    </extra>
                  </node>
                  <extra>
                    <technique profile="OpenCOLLADA">
                      <cast_shadows>1</cast_shadows>
                      <primary_visibility>1</primary_visibility>
                      <receive_shadows>1</receive_shadows>
                      <secondary_visibility>1</secondary_visibility>
                    </technique>
                  </extra>
                </node>
                <extra>
                  <technique profile="OpenCOLLADA">
                    <cast_shadows>1</cast_shadows>
                    <primary_visibility>1</primary_visibility>
                    <receive_shadows>1</receive_shadows>
                    <secondary_visibility>1</secondary_visibility>
                  </technique>
                </extra>
              </node>
              <extra>
                <technique profile="OpenCOLLADA">
                  <cast_shadows>1</cast_shadows>
                  <primary_visibility>1</primary_visibility>
                  <receive_shadows>1</receive_shadows>
                  <secondary_visibility>1</secondary_visibility>
                </technique>
              </extra>
            </node>
            <node id="node-Bip001_Head" name="Bip001_Head">
              <matrix sid="matrix">0.9929266 0.1110635 0.04197189 37.3494 -0.04817851 0.6999925 -0.7125234 2.440981 -0.1085154 0.705461 0.7003923 -2.00272e-5 0 0 0 1</matrix>
              <extra>
                <technique profile="OpenCOLLADA">
                  <cast_shadows>1</cast_shadows>
                  <primary_visibility>1</primary_visibility>
                  <receive_shadows>1</receive_shadows>
                  <secondary_visibility>1</secondary_visibility>
                </technique>
              </extra>
            </node>
            <node id="node-Bip001_L_UpperArm" name="Bip001_L_UpperArm">
              <matrix sid="matrix">-0.553405 0.4885743 0.6745654 20.6626 -0.5692961 -0.8130545 0.1218356 -5.312743 0.6079835 -0.3166029 0.7280926 20.37832 0 0 0 1</matrix>
              <node id="node-Bip001_L_Forearm" name="Bip001_L_Forearm">
                <matrix sid="matrix">-0.03698605 0.9993161 -5.36442e-7 27.57623 -0.9993161 -0.03698611 -1.07288e-6 7.62939e-6 -1.16229e-6 4.17233e-7 1 -9.15527e-5 0 0 0 1</matrix>
                <node id="node-Bip001_L_Hand" name="Bip001_L_Hand">
                  <matrix sid="matrix">0.9772069 0.001224309 -0.2122867 26.59837 0.2120508 0.04183641 0.9763633 -1.14441e-5 0.01007676 -0.9991232 0.04062325 -5.34058e-5 0 0 0 1</matrix>
                  <node id="node-Bip001_L_Finger1" name="Bip001_L_Finger1">
                    <matrix sid="matrix">0.9772734 -0.2118512 -0.007457048 9.817001 0.2118714 0.9750195 0.06669137 -3.05176e-5 -0.006857902 -0.06675574 0.9977457 1.14441e-5 0 0 0 1</matrix>
                    <extra>
                      <technique profile="OpenCOLLADA">
                        <cast_shadows>1</cast_shadows>
                        <primary_visibility>1</primary_visibility>
                        <receive_shadows>1</receive_shadows>
                        <secondary_visibility>1</secondary_visibility>
                      </technique>
                    </extra>
                  </node>
                  <node id="node-Bip001_L_Finger0" name="Bip001_L_Finger0">
                    <matrix sid="matrix">0.7676213 0.6036696 0.2152689 3.711662 0.5588416 -0.4660076 -0.6859542 2.34301 -0.3137725 0.6468548 -0.6950729 -5.048515 0 0 0 1</matrix>
                    <extra>
                      <technique profile="OpenCOLLADA">
                        <cast_shadows>1</cast_shadows>
                        <primary_visibility>1</primary_visibility>
                        <receive_shadows>1</receive_shadows>
                        <secondary_visibility>1</secondary_visibility>
                      </technique>
                    </extra>
                  </node>
                  <extra>
                    <technique profile="OpenCOLLADA">
                      <cast_shadows>1</cast_shadows>
                      <primary_visibility>1</primary_visibility>
                      <receive_shadows>1</receive_shadows>
                      <secondary_visibility>1</secondary_visibility>
                    </technique>
                  </extra>
                </node>
                <extra>
                  <technique profile="OpenCOLLADA">
                    <cast_shadows>1</cast_shadows>
                    <primary_visibility>1</primary_visibility>
                    <receive_shadows>1</receive_shadows>
                    <secondary_visibility>1</secondary_visibility>
                  </technique>
                </extra>
              </node>
              <extra>
                <technique profile="OpenCOLLADA">
                  <cast_shadows>1</cast_shadows>
                  <primary_visibility>1</primary_visibility>
                  <receive_shadows>1</receive_shadows>
                  <secondary_visibility>1</secondary_visibility>
                </technique>
              </extra>
            </node>
            <extra>
              <technique profile="OpenCOLLADA">
                <cast_shadows>1</cast_shadows>
                <primary_visibility>1</primary_visibility>
                <receive_shadows>1</receive_shadows>
                <secondary_visibility>1</secondary_visibility>
              </technique>
            </extra>
          </node>
          <extra>
            <technique profile="OpenCOLLADA">
              <cast_shadows>1</cast_shadows>
              <primary_visibility>1</primary_visibility>
              <receive_shadows>1</receive_shadows>
              <secondary_visibility>1</secondary_visibility>
            </technique>
          </extra>
        </node>
        <node id="node-Bip001_R_Thigh" name="Bip001_R_Thigh">
          <matrix sid="matrix">-0.965493 0.1231841 0.229455 -6.10352e-5 0.1361815 0.9898086 0.04163582 -9.53674e-6 -0.2219877 0.07144655 -0.9724283 -10.7261 0 0 0 1</matrix>
          <node id="node-Bip001_R_Calf" name="Bip001_R_Calf">
            <matrix sid="matrix">0.8954496 0.445163 -8.19564e-7 37.31352 -0.445163 0.8954495 9.2946e-7 -2.09808e-5 1.14739e-6 -4.07919e-7 1 3.29018e-5 0 0 0 1</matrix>
            <node id="node-Bip001_R_Foot" name="Bip001_R_Foot">
              <matrix sid="matrix">0.9773785 0.2099937 -0.02518031 44.58315 -0.2088163 0.9392222 -0.2725017 1.45435e-5 -0.03357375 0.2715952 0.9618257 -2.6226e-6 0 0 0 1</matrix>
              <extra>
                <technique profile="OpenCOLLADA">
                  <cast_shadows>1</cast_shadows>
                  <primary_visibility>1</primary_visibility>
                  <receive_shadows>1</receive_shadows>
                  <secondary_visibility>1</secondary_visibility>
                </technique>
              </extra>
            </node>
            <extra>
              <technique profile="OpenCOLLADA">
                <cast_shadows>1</cast_shadows>
                <primary_visibility>1</primary_visibility>
                <receive_shadows>1</receive_shadows>
                <secondary_visibility>1</secondary_visibility>
              </technique>
            </extra>
          </node>
          <extra>
            <technique profile="OpenCOLLADA">
              <cast_shadows>1</cast_shadows>
              <primary_visibility>1</primary_visibility>
              <receive_shadows>1</receive_shadows>
              <secondary_visibility>1</secondary_visibility>
            </technique>
          </extra>
        </node>
        <node id="node-Bip001_L_Thigh" name="Bip001_L_Thigh">
          <matrix sid="matrix">-0.8990369 0.4189599 0.1273001 7.62939e-6 0.3059813 0.3931404 0.8670735 1.62125e-5 0.3132219 0.8184823 -0.4816416 10.7261 0 0 0 1</matrix>
          <node id="node-Bip001_L_Calf" name="Bip001_L_Calf">
            <matrix sid="matrix">-0.1787415 0.983896 2.44053e-6 37.31357 -0.983896 -0.1787415 -3.44915e-6 0 -2.98163e-6 -2.96347e-6 0.9999999 1.81198e-5 0 0 0 1</matrix>
            <node id="node-Bip001_L_Foot" name="Bip001_L_Foot">
              <matrix sid="matrix">0.9706733 0.2218524 0.09260132 44.58323 -0.2171967 0.9744173 -0.05776984 -1.90735e-5 -0.1030487 0.03596295 0.9940262 4.05312e-6 0 0 0 1</matrix>
              <extra>
                <technique profile="OpenCOLLADA">
                  <cast_shadows>1</cast_shadows>
                  <primary_visibility>1</primary_visibility>
                  <receive_shadows>1</receive_shadows>
                  <secondary_visibility>1</secondary_visibility>
                </technique>
              </extra>
            </node>
            <extra>
              <technique profile="OpenCOLLADA">
                <cast_shadows>1</cast_shadows>
                <primary_visibility>1</primary_visibility>
                <receive_shadows>1</receive_shadows>
                <secondary_visibility>1</secondary_visibility>
              </technique>
            </extra>
          </node>
          <extra>
            <technique profile="OpenCOLLADA">
              <cast_shadows>1</cast_shadows>
              <primary_visibility>1</primary_visibility>
              <receive_shadows>1</receive_shadows>
              <secondary_visibility>1</secondary_visibility>
            </technique>
          </extra>
        </node>
        <extra>
          <technique profile="OpenCOLLADA">
            <cast_shadows>1</cast_shadows>
            <primary_visibility>1</primary_visibility>
            <receive_shadows>1</receive_shadows>
            <secondary_visibility>1</secondary_visibility>
          </technique>
        </extra>
      </node>
    </visual_scene>
  </library_visual_scenes>
  <library_animations>
    <animation>
      <source id="node-Bip001_Pelvis_matrix-input">
        <float_array id="node-Bip001_Pelvis_matrix-input-array" count="18">0 0.03333334 0.06666667 0.1 0.1333333 0.1666667 0.2 0.2333333 0.2666667 0.3 0.3333333 0.3666667 0.4 0.4333333 0.4666667 0.5 0.5333334 0.5666667</float_array>
        <technique_common>
          <accessor source="#node-Bip001_Pelvis_matrix-input-array" count="18" stride="1">
            <param name="TIME" type="float"/>
          </accessor>
        </technique_common>
      </source>
      <source id="node-Bip001_Pelvis_matrix-output">
        <float_array id="node-Bip001_Pelvis_matrix-output-array" count="288">-0.2255949 -0.6039073 0.7644627 -0.01429551 0.2218354 -0.7959204 -0.5632939 -5.790856 0.9486287 0.04250854 0.3135235 93.62537 0 0 0 1 -0.1975415 -0.6633148 0.721797 -0.01759576 0.1913005 -0.7482345 -0.6352552 -4.468037 0.9614476 0.01259082 0.2746999 93.37469 0 0 0 1 -0.1725742 -0.7122073 0.6804255 -0.01990616 0.1604046 -0.7018889 -0.6939901 -3.255136 0.971848 -0.01062142 0.2353693 93.1895 0 0 0 1 -0.1477172 -0.7541486 0.6398746 -0.02109265 0.1258229 -0.6560448 -0.7441599 -2.015892 0.9809935 -0.02941435 0.1917982 93.00141 0 0 0 1 -0.119276 -0.7914388 0.599498 -0.02083075 0.08544814 -0.6097511 -0.7879735 -0.6149743 0.9891775 -0.04276031 0.1403556 92.89783 0 0 0 1 -0.09694021 -0.8175147 0.5676904 -0.01951366 0.0471549 -0.5735087 -0.8178412 0.5554473 0.9941725 -0.05251228 0.09414589 92.85538 0 0 0 1 -0.09052699 -0.8271111 0.5546997 -0.01748222 0.01904648 -0.5583227 -0.8294051 1.10292 0.9957118 -0.06451845 0.06629687 92.84652 0 0 0 1 -0.09692245 -0.8222163 0.5608621 -0.0152418 0.002082109 -0.5636815 -0.8259897 1.152591 0.9952898 -0.07888919 0.05634534 92.84567 0 0 0 1 -0.105471 -0.8090423 0.5782096 -0.012928 -0.01148563 -0.5804228 -0.8142343 1.137287 0.994356 -0.09251916 0.05192536 92.8459 0 0 0 1 -0.1146782 -0.7884041 0.6043739 -0.0102908 -0.02400827 -0.6060104 -0.7950943 1.10199 0.9931125 -0.10569 0.05056792 92.84652 0 0 0 1 -0.123059 -0.7610505 0.6369134 -0.007165849 -0.03699249 -0.6378276 -0.7692902 1.08392 0.9917096 -0.1182291 0.05033719 92.8469 0 0 0 1 -0.1291365 -0.7278685 0.6734473 -0.003556907 -0.05387264 -0.6729813 -0.7376951 1.13826 0.9901624 -0.1315437 0.0476942 92.84586 0 0 0 1 -0.1314145 -0.690096 0.7116866 8.11699e-7 -0.09113556 -0.7064623 -0.7018586 1.441847 0.9871295 -0.1570944 0.0299471 92.84605 0 0 0 1 -0.116936 -0.6043018 0.7881277 0.001466453 -0.1913562 -0.7649925 -0.6149547 12.43603 0.9745301 -0.2227235 -0.02618163 73.23474 0 0 0 1 -0.09453958 -0.5139248 0.8526099 -4.85963e-4 -0.2580105 -0.8145334 -0.5195825 23.20121 0.9615055 -0.2691034 -0.05559229 53.69575 0 0 0 1 -0.08344078 -0.4997779 0.862125 -5.21948e-4 -0.2615731 -0.8238214 -0.5028894 18.32151 0.9615702 -0.2674703 -0.06198811 79.55374 0 0 0 1 -0.06958711 -0.4875185 0.8703352 -3.1282e-4 -0.2104526 -0.8456403 -0.4905123 12.54697 0.9751242 -0.2172976 -0.0437538 85.9176 0 0 0 1 -0.06148505 -0.4806911 0.8747317 0.001541554 -0.1133846 -0.8673529 -0.484606 8.570864 0.9916469 -0.1289771 -0.001173675 86.70366 0 0 0 1</float_array>
        <technique_common>
          <accessor source="#node-Bip001_Pelvis_matrix-output-array" count="18" stride="16">
            <param name="TRANSFORM" type="float4x4"/>
          </accessor>
        </technique_common>
      </source>
      <source id="node-Bip001_Pelvis_matrix-interpolation">
        <Name_array id="node-Bip001_Pelvis_matrix-interpolation-array" count="18">LINEAR LINEAR LINEAR LINEAR LINEAR LINEAR LINEAR LINEAR LINEAR LINEAR LINEAR LINEAR LINEAR LINEAR LINEAR LINEAR LINEAR LINEAR</Name_array>
        <technique_common>
          <accessor source="#node-Bip001_Pelvis_matrix-interpolation-array" count="18" stride="1">
            <param name="INTERPOLATION" type="name"/>
          </accessor>
        </technique_common>
      </source>
      <source id="node-Bip001_Spine_matrix-input">
        <float_array id="node-Bip001_Spine_matrix-input-array" count="18">0 0.03333334 0.06666667 0.1 0.1333333 0.1666667 0.2 0.2333333 0.2666667 0.3 0.3333333 0.3666667 0.4 0.4333333 0.4666667 0.5 0.5333334 0.5666667</float_array>
        <technique_common>
          <accessor source="#node-Bip001_Spine_matrix-input-array" count="18" stride="1">
            <param name="TIME" type="float"/>
          </accessor>
        </technique_common>
      </source>
      <source id="node-Bip001_Spine_matrix-output">
        <float_array id="node-Bip001_Spine_matrix-output-array" count="288">0.958945 0.005992293 -0.2835292 9.523583 -0.0481022 0.9887267 -0.1417936 -1.695363 0.2794833 0.1496105 0.9484228 2.208843 0 0 0 1 0.9692931 0.01923292 -0.2451552 9.597306 -0.07402092 0.9735195 -0.216289 -1.813937 0.2345034 0.2277939 0.9450494 1.747446 0 0 0 1 0.9772785 0.03396844 -0.2092206 9.652848 -0.09336721 0.9551411 -0.2810486 -1.875156 0.1902883 0.294197 0.9366102 1.326267 0 0 0 1 0.9837732 0.05062788 -0.1721258 9.698578 -0.1075332 0.9343376 -0.3397795 -1.885294 0.1436212 0.3527752 0.9246204 0.9140053 0 0 0 1 0.9891361 0.06790196 -0.1303815 9.741127 -0.1146325 0.9115284 -0.3949372 -1.823045 0.09202945 0.4055925 0.9094095 0.4887714 0 0 0 1 0.9917753 0.08563619 -0.09512281 9.764946 -0.1188188 0.8923013 -0.4355231 -1.753763 0.04758167 0.4432432 0.8951379 0.15069 0 0 0 1 0.9915757 0.1036891 -0.07763057 9.763619 -0.1276952 0.8830292 -0.4516119 -1.767326 0.02172285 0.4577203 0.8888309 -0.01339054 0 0 0 1 0.9895155 0.1246246 -0.07299262 9.742287 -0.14415 0.8834976 -0.4457055 -1.880493 0.008942902 0.4515544 0.8921993 -0.0611267 0 0 0 1 0.9864476 0.1489234 -0.06887072 9.711304 -0.1640582 0.8888325 -0.4278566 -2.032976 -0.002503335 0.433357 0.901219 -0.09736776 0 0 0 1 0.982689 0.1733421 -0.0653761 9.674759 -0.1849584 0.8978189 -0.3996388 -2.199944 -0.01057827 0.4048126 0.9143385 -0.1074106 0 0 0 1 0.9788666 0.1946825 -0.0625993 9.63855 -0.2040429 0.9093586 -0.3625376 -2.354577 -0.01365453 0.3676488 0.9298647 -0.07973146 0 0 0 1 0.9758632 0.2098022 -0.06061768 9.610543 -0.2181162 0.9226331 -0.3180783 -2.467704 -0.0108056 0.3236226 0.9461248 -0.008721828 0 0 0 1 0.9746686 0.2155909 -0.05951339 9.599465 -0.2236456 0.937123 -0.2679241 -2.508257 -0.001990616 0.2744471 0.9616004 0.1035982 0 0 0 1 0.9868146 -0.008245468 -0.1616445 9.650292 -0.01345646 0.9910642 -0.1327038 -2.277821 0.1612944 0.1331292 0.977886 0.3680534 0 0 0 1 0.9345232 -0.239333 -0.2634127 9.721318 0.2345824 0.9708183 -0.04983073 -1.905205 0.2676519 -0.01522403 0.9633957 0.5642338 0 0 0 1 0.9508495 -0.2049733 -0.2321016 9.755524 0.2039641 0.9785602 -0.02860641 -1.717083 0.2329889 -0.02013987 0.9722708 0.5773888 0 0 0 1 0.9680844 -0.1604435 -0.1925359 9.793847 0.1608504 0.9868847 -0.01362061 -1.485119 0.1921961 -0.01778346 0.9811954 0.5720997 0 0 0 1 0.9766405 -0.1330386 -0.1687431 9.814339 0.133742 0.9909898 -0.007241666 -1.346189 0.1681861 -0.01549547 0.9856339 0.5644834 0 0 0 1</float_array>
        <technique_common>
          <accessor source="#node-Bip001_Spine_matrix-output-array" count="18" stride="16">
            <param name="TRANSFORM" type="float4x4"/>
          </accessor>
        </technique_common>
      </source>
      <source id="node-Bip001_Spine_matrix-interpolation">
        <Name_array id="node-Bip001_Spine_matrix-interpolation-array" count="18">LINEAR LINEAR LINEAR LINEAR LINEAR LINEAR LINEAR LINEAR LINEAR LINEAR LINEAR LINEAR LINEAR LINEAR LINEAR LINEAR LINEAR LINEAR</Name_array>
        <technique_common>
          <accessor source="#node-Bip001_Spine_matrix-interpolation-array" count="18" stride="1">
            <param name="INTERPOLATION" type="name"/>
          </accessor>
        </technique_common>
      </source>
      <source id="node-Bip001_Spine1_matrix-input">
        <float_array id="node-Bip001_Spine1_matrix-input-array" count="18">0 0.03333334 0.06666667 0.1 0.1333333 0.1666667 0.2 0.2333333 0.2666667 0.3 0.3333333 0.3666667 0.4 0.4333333 0.4666667 0.5 0.5333334 0.5666667</float_array>
        <technique_common>
          <accessor source="#node-Bip001_Spine1_matrix-input-array" count="18" stride="1">
            <param name="TIME" type="float"/>
          </accessor>
        </technique_common>
      </source>
      <source id="node-Bip001_Spine1_matrix-output">
        <float_array id="node-Bip001_Spine1_matrix-output-array" count="288">0.9939232 -0.06545627 -0.08849823 28.685 0.08768045 0.9568567 0.2770149 -0.02279281 0.06654775 -0.2830912 0.9567813 -1.52588e-5 0 0 0 1 0.9928938 -0.07171875 -0.0949676 28.68501 0.09548282 0.956399 0.2760156 -0.02279376 0.07103139 -0.2831221 0.9564499 -1.90735e-5 0 0 0 1 0.9919415 -0.07712805 -0.100516 28.68504 0.1022073 0.9559682 0.2750973 -0.02279472 0.07487243 -0.2831538 0.9561473 -1.54972e-5 0 0 0 1 0.9910447 -0.08198463 -0.1053988 28.685 0.1082153 0.9555498 0.2742522 -0.02279376 0.07822942 -0.2832021 0.9558643 -1.57356e-5 0 0 0 1 0.9902841 -0.08624488 -0.1090859 28.685 0.113315 0.9551737 0.2735012 -0.02279376 0.08060789 -0.2832049 0.9556661 -1.35899e-5 0 0 0 1 0.9897566 -0.08926904 -0.1114171 28.68498 0.1168536 0.9548993 0.2729712 -0.02279472 0.08202421 -0.2831945 0.9555488 -1.7643e-5 0 0 0 1 0.9895598 -0.0904172 -0.1122316 28.68501 0.1181784 0.9547887 0.2727872 -0.02278995 0.08249282 -0.2832026 0.955506 -2.38419e-5 0 0 0 1 0.9910486 -0.08298742 -0.1045746 28.68498 0.1089595 0.9554201 0.2744102 -0.02279233 0.07714003 -0.2833483 0.9559099 -1.87755e-5 0 0 0 1 0.9942683 -0.0644046 -0.08533561 28.68501 0.08582705 0.9567679 0.277902 -0.02279329 0.06374818 -0.2836334 0.9568118 -2.21729e-5 0 0 0 1 0.9973779 -0.04022401 -0.06016469 28.68501 0.05560553 0.958005 0.2813091 -0.02278852 0.04632264 -0.2839169 0.9577293 -2.44379e-5 0 0 0 1 0.9992637 -0.0160278 -0.0348668 28.68501 0.02526634 0.9586583 0.2834368 -0.02279186 0.02888244 -0.2841089 0.9583573 -2.14577e-5 0 0 0 1 0.9998786 0.002588272 -0.01535868 28.68499 0.001883625 0.9587627 0.2842018 -0.02279376 0.0154609 -0.2841961 0.9586415 -1.90735e-5 0 0 0 1 0.9999214 0.01003408 -0.007550776 28.685 -0.007473707 0.9587079 0.2842953 -0.02279186 0.0100916 -0.2842165 0.9587073 -1.32322e-5 0 0 0 1 0.990112 -0.134559 -0.03965884 28.68497 0.1359091 0.9901528 0.03356927 -0.02278709 0.03475129 -0.03862732 0.9986493 -1.14441e-5 0 0 0 1 0.917176 -0.3980619 0.01831942 28.685 0.3920822 0.893282 -0.2198173 -0.022789 0.07113635 0.2087938 0.9753694 -1.90735e-5 0 0 0 1 0.7397014 -0.6727499 -0.01582628 28.685 0.6680877 0.7369871 -0.102517 -0.022789 0.08063203 0.0652585 0.9946058 -2.09808e-5 0 0 0 1 0.8827231 -0.4612437 -0.08974993 28.68501 0.4632139 0.8862461 0.001271665 -0.022789 0.07895398 -0.04269605 0.9959637 -2.86102e-5 0 0 0 1 0.9703127 -0.2212589 -0.09766393 28.68499 0.229177 0.9701757 0.07897841 -0.022789 0.07727646 -0.09901607 0.9920811 -2.09808e-5 0 0 0 1</float_array>
        <technique_common>
          <accessor source="#node-Bip001_Spine1_matrix-output-array" count="18" stride="16">
            <param name="TRANSFORM" type="float4x4"/>
          </accessor>
        </technique_common>
      </source>
      <source id="node-Bip001_Spine1_matrix-interpolation">
        <Name_array id="node-Bip001_Spine1_matrix-interpolation-array" count="18">LINEAR LINEAR LINEAR LINEAR LINEAR LINEAR LINEAR LINEAR LINEAR LINEAR LINEAR LINEAR LINEAR LINEAR LINEAR LINEAR LINEAR LINEAR</Name_array>
        <technique_common>
          <accessor source="#node-Bip001_Spine1_matrix-interpolation-array" count="18" stride="1">
            <param name="INTERPOLATION" type="name"/>
          </accessor>
        </technique_common>
      </source>
      <source id="node-Bip001_R_UpperArm_matrix-input">
        <float_array id="node-Bip001_R_UpperArm_matrix-input-array" count="18">0 0.03333334 0.06666667 0.1 0.1333333 0.1666667 0.2 0.2333333 0.2666667 0.3 0.3333333 0.3666667 0.4 0.4333333 0.4666667 0.5 0.5333334 0.5666667</float_array>
        <technique_common>
          <accessor source="#node-Bip001_R_UpperArm_matrix-input-array" count="18" stride="1">
            <param name="TIME" type="float"/>
          </accessor>
        </technique_common>
      </source>
      <source id="node-Bip001_R_UpperArm_matrix-output">
        <float_array id="node-Bip001_R_UpperArm_matrix-output-array" count="288">-0.690909 -0.1622049 -0.7045102 20.66257 -0.4008846 -0.7249944 0.5600666 -5.311963 -0.6016114 0.6693822 0.4358796 -20.37859 0 0 0 1 -0.6656863 -0.2550133 -0.7013058 20.66255 -0.3425107 -0.7305414 0.5907584 -5.311967 -0.6629844 0.6334645 0.3989665 -20.3786 0 0 0 1 -0.6341041 -0.350427 -0.6892843 20.66255 -0.2608262 -0.7422385 0.6172936 -5.311959 -0.7279302 0.5712121 0.3792555 -20.3786 0 0 0 1 -0.5907363 -0.4498849 -0.669802 20.66258 -0.1551298 -0.7513148 0.6414521 -5.311963 -0.7918119 0.4828352 0.3740383 -20.3786 0 0 0 1 -0.5285006 -0.5553219 -0.6421093 20.66255 -0.02821308 -0.7444649 0.6670649 -5.311961 -0.8484642 0.37066 0.3777828 -20.37858 0 0 0 1 -0.446965 -0.6571348 -0.6069564 20.66258 0.1109666 -0.7139925 0.6913039 -5.311963 -0.8876423 0.2416367 0.3920498 -20.37859 0 0 0 1 -0.3490369 -0.7465168 -0.5664675 20.66257 0.2515824 -0.6569399 0.7107291 -5.311961 -0.9027067 0.1055575 0.4171068 -20.37859 0 0 0 1 -0.2408207 -0.8170206 -0.5239111 20.6626 0.3827361 -0.5759961 0.7223165 -5.311956 -0.8919182 -0.02657085 0.4514151 -20.37859 0 0 0 1 -0.1306523 -0.8657686 -0.4830888 20.6626 0.4955456 -0.4790591 0.7245254 -5.311967 -0.8586995 -0.1447315 0.491618 -20.37859 0 0 0 1 -0.02768993 -0.8938192 -0.4475717 20.66257 0.584711 -0.3776384 0.717985 -5.31196 -0.8107693 -0.241819 0.5330825 -20.37859 0 0 0 1 0.05941373 -0.9055489 -0.4200608 20.6626 0.648981 -0.2846966 0.7055292 -5.311961 -0.758481 -0.3145296 0.5707693 -20.37859 0 0 0 1 0.1232783 -0.9072393 -0.402143 20.66257 0.690321 -0.2127221 0.6915242 -5.311962 -0.7129228 -0.3628578 0.6000624 -20.3786 0 0 0 1 0.1578022 -0.9052278 -0.3945389 20.6626 0.7119584 -0.1725638 0.6806887 -5.311959 -0.6842617 -0.3883094 0.6172536 -20.3786 0 0 0 1 0.06208878 -0.8215221 -0.5667856 20.64739 0.7902953 -0.3063673 0.5306338 -5.325439 -0.6095724 -0.4808748 0.6302227 -20.32486 0 0 0 1 -0.1362842 -0.552197 -0.8224993 20.6112 0.878844 -0.4505792 0.1568826 -5.357552 -0.4572314 -0.7014681 0.5467014 -20.19673 0 0 0 1 -0.2419453 -0.2677196 -0.9326246 20.56802 0.8998282 -0.4215047 -0.1124398 -5.39595 -0.3630034 -0.8664062 0.3428828 -20.04382 0 0 0 1 -0.4665859 -0.1543189 -0.8709092 20.53183 0.7054957 -0.6588131 -0.2612293 -5.428062 -0.5334538 -0.7363089 0.4162644 -19.91566 0 0 0 1 -0.7957269 0.06979364 -0.6016207 20.51663 0.08492249 -0.9706674 -0.2249283 -5.441528 -0.5996723 -0.2300727 0.7664591 -19.86192 0 0 0 1</float_array>
        <technique_common>
          <accessor source="#node-Bip001_R_UpperArm_matrix-output-array" count="18" stride="16">
            <param name="TRANSFORM" type="float4x4"/>
          </accessor>
        </technique_common>
      </source>
      <source id="node-Bip001_R_UpperArm_matrix-interpolation">
        <Name_array id="node-Bip001_R_UpperArm_matrix-interpolation-array" count="18">LINEAR LINEAR LINEAR LINEAR LINEAR LINEAR LINEAR LINEAR LINEAR LINEAR LINEAR LINEAR LINEAR LINEAR LINEAR LINEAR LINEAR LINEAR</Name_array>
        <technique_common>
          <accessor source="#node-Bip001_R_UpperArm_matrix-interpolation-array" count="18" stride="1">
            <param name="INTERPOLATION" type="name"/>
          </accessor>
        </technique_common>
      </source>
      <source id="node-Bip001_R_Forearm_matrix-input">
        <float_array id="node-Bip001_R_Forearm_matrix-input-array" count="18">0 0.03333334 0.06666667 0.1 0.1333333 0.1666667 0.2 0.2333333 0.2666667 0.3 0.3333333 0.3666667 0.4 0.4333333 0.4666667 0.5 0.5333334 0.5666667</float_array>
        <technique_common>
          <accessor source="#node-Bip001_R_Forearm_matrix-input-array" count="18" stride="1">
            <param name="TIME" type="float"/>
          </accessor>
        </technique_common>
      </source>
      <source id="node-Bip001_R_Forearm_matrix-output">
        <float_array id="node-Bip001_R_Forearm_matrix-output-array" count="288">0.2864226 0.9581035 -1.2219e-6 27.57623 -0.9581031 0.2864227 -7.30157e-7 1.14441e-5 -3.08617e-7 1.46031e-6 1 5.34058e-5 0 0 0 1 0.2892016 0.9572685 -1.3411e-6 27.57623 -0.9572684 0.2892016 -4.32134e-7 7.62939e-6 0 1.3411e-6 1 6.86645e-5 0 0 0 1 0.2929769 0.9561198 -1.54972e-6 27.57622 -0.9561197 0.2929769 -7.7486e-7 -7.62939e-6 -2.98023e-7 1.69873e-6 1 4.57764e-5 0 0 0 1 0.2976261 0.9546826 -1.37091e-6 27.5762 -0.9546829 0.297626 0 2.28882e-5 3.57628e-7 1.37091e-6 1 6.10352e-5 0 0 0 1 0.3032135 0.9529224 -1.54972e-6 27.57621 -0.9529235 0.3032131 -2.38419e-7 1.52588e-5 1.78814e-7 1.51992e-6 1 5.34058e-5 0 0 0 1 0.3099482 0.9507536 -1.3411e-6 27.57621 -0.9507536 0.3099482 -4.17232e-7 2.28882e-5 0 1.40071e-6 0.9999998 6.86645e-5 0 0 0 1 0.3180365 0.9480783 -1.3262e-6 27.57622 -0.9480789 0.3180364 -2.68221e-7 7.62939e-6 0 1.43051e-6 0.9999999 3.8147e-5 0 0 0 1 0.3244566 0.945901 -1.35601e-6 27.57622 -0.9459008 0.3244565 0 1.52588e-5 4.47035e-7 1.2368e-6 1 5.34058e-5 0 0 0 1 0.328217 0.9446022 -1.69501e-6 27.57621 -0.9446026 0.3282168 -3.8743e-7 1.52588e-5 1.78814e-7 1.69873e-6 1 5.34058e-5 0 0 0 1 0.332546 0.9430871 -1.39396e-6 27.5762 -0.9430873 0.3325458 -2.08616e-7 1.52588e-5 3.27826e-7 1.39326e-6 0.9999998 6.86645e-5 0 0 0 1 0.3406481 0.9401912 -1.39326e-6 27.57621 -0.9401912 0.3406481 -4.76837e-7 0 0 1.42306e-6 1 4.57764e-5 0 0 0 1 0.3556768 0.9346092 -1.33738e-6 27.57622 -0.9346091 0.3556769 -3.8743e-7 0 1.19209e-7 1.38953e-6 1 4.57764e-5 0 0 0 1 0.3806579 0.9247158 -1.50502e-6 27.5762 -0.9247162 0.3806577 -2.98023e-7 0 2.98023e-7 1.49757e-6 0.9999996 3.8147e-5 0 0 0 1 0.6403702 0.7680662 -1.41561e-6 27.57619 -0.7680664 0.64037 -5.96046e-7 3.8147e-6 4.76837e-7 1.46031e-6 0.9999998 6.10352e-5 0 0 0 1 0.8573002 0.5148169 -1.3113e-6 27.57622 -0.514817 0.8573001 -3.27826e-7 9.53674e-6 9.23872e-7 9.68575e-7 1 6.86645e-5 0 0 0 1 0.8730928 0.4875543 -1.2368e-6 27.57623 -0.4875542 0.873093 0 7.62939e-6 1.04308e-6 5.79283e-7 0.9999998 4.57764e-5 0 0 0 1 0.7930828 0.6091137 -1.19209e-6 27.57623 -0.6091136 0.7930829 0 -7.62939e-6 8.9407e-7 7.63684e-7 0.9999999 6.86645e-5 0 0 0 1 0.6962767 0.7177736 -1.2517e-6 27.57621 -0.7177734 0.6962767 -2.98023e-7 7.62939e-6 6.85453e-7 1.03842e-6 0.9999999 6.10352e-5 0 0 0 1</float_array>
        <technique_common>
          <accessor source="#node-Bip001_R_Forearm_matrix-output-array" count="18" stride="16">
            <param name="TRANSFORM" type="float4x4"/>
          </accessor>
        </technique_common>
      </source>
      <source id="node-Bip001_R_Forearm_matrix-interpolation">
        <Name_array id="node-Bip001_R_Forearm_matrix-interpolation-array" count="18">LINEAR LINEAR LINEAR LINEAR LINEAR LINEAR LINEAR LINEAR LINEAR LINEAR LINEAR LINEAR LINEAR LINEAR LINEAR LINEAR LINEAR LINEAR</Name_array>
        <technique_common>
          <accessor source="#node-Bip001_R_Forearm_matrix-interpolation-array" count="18" stride="1">
            <param name="INTERPOLATION" type="name"/>
          </accessor>
        </technique_common>
      </source>
      <source id="node-Bip001_R_Hand_matrix-input">
        <float_array id="node-Bip001_R_Hand_matrix-input-array" count="18">0 0.03333334 0.06666667 0.1 0.1333333 0.1666667 0.2 0.2333333 0.2666667 0.3 0.3333333 0.3666667 0.4 0.4333333 0.4666667 0.5 0.5333334 0.5666667</float_array>
        <technique_common>
          <accessor source="#node-Bip001_R_Hand_matrix-input-array" count="18" stride="1">
            <param name="TIME" type="float"/>
          </accessor>
        </technique_common>
      </source>
      <source id="node-Bip001_R_Hand_matrix-output">
        <float_array id="node-Bip001_R_Hand_matrix-output-array" count="288">0.9785836 0.02924531 0.2037625 26.59834 0.2024062 0.04361635 -0.9783299 -2.28882e-5 -0.03749895 0.9986201 0.03676283 0 0 0 0 1 0.9792425 0.07591909 0.1879384 26.59835 0.1843448 0.05191522 -0.9814895 -2.28882e-5 -0.08427059 0.9957622 0.03684228 -2.28882e-5 0 0 0 1 0.9771881 0.1263759 0.1706844 26.59834 0.1641132 0.06077861 -0.9845668 -3.05176e-5 -0.1347994 0.9901195 0.038652 -7.62939e-6 0 0 0 1 0.9712998 0.1838006 0.1509785 26.59833 0.1401303 0.07072097 -0.9876043 -1.90735e-5 -0.1921998 0.9804162 0.04293525 -1.52588e-5 0 0 0 1 0.9596485 0.2502416 0.1282726 26.59832 0.110999 0.08202034 -0.9904305 -1.90735e-5 -0.2583678 0.9647029 0.05093395 -1.52588e-5 0 0 0 1 0.9428933 0.3157022 0.1062289 26.59834 0.08069545 0.09291756 -0.992398 -4.19617e-5 -0.3231726 0.944299 0.06213545 0 0 0 0 1 0.9244806 0.3709134 0.0880866 26.59834 0.05376011 0.1019099 -0.9933397 -2.67029e-5 -0.37742 0.9230589 0.07427334 0 0 0 0 1 0.9043009 0.42074 0.07222896 26.59832 0.02824658 0.1098526 -0.9935462 -7.62939e-6 -0.4259591 0.9005056 0.08745545 0 0 0 0 1 0.8798247 0.4719133 0.05662351 26.59835 7.1314e-4 0.1178218 -0.9930346 -1.52588e-5 -0.4752977 0.8737366 0.103326 -7.62939e-6 0 0 0 1 0.8536176 0.5191223 0.04301285 26.59833 -0.02603042 0.1249821 -0.991817 -1.90735e-5 -0.5202504 0.845513 0.1201997 -1.52588e-5 0 0 0 1 0.8293864 0.5577244 0.03258574 26.59839 -0.04897618 0.1306867 -0.9902136 -7.62939e-6 -0.5565243 0.8196739 0.135705 0 0 0 0 1 0.8115619 0.5836881 0.02599525 26.59836 -0.06501758 0.1344376 -0.9887866 -2.47955e-5 -0.5806375 0.800772 0.1470544 -7.62939e-6 0 0 0 1 0.8046891 0.5932246 0.02367138 26.59836 -0.07104194 0.1357976 -0.9881861 -2.28882e-5 -0.5894306 0.7935015 0.1514186 -7.62939e-6 0 0 0 1 0.7883042 0.5339727 0.3056961 26.59835 0.2325823 0.201368 -0.9515022 -3.05176e-5 -0.569633 0.8211734 0.03454661 0 0 0 0 1 0.6973499 0.4344701 0.570034 26.59834 0.514454 0.2503414 -0.820162 -2.09808e-5 -0.4990388 0.865197 -0.04893922 -7.62939e-6 0 0 0 1 0.7702883 0.6375501 0.01364129 26.59836 -0.1000663 0.1419713 -0.9847997 -1.52588e-5 -0.6297959 0.7572149 0.173156 0 0 0 0 1 0.7702886 0.6375502 0.01364082 26.59837 -0.1000664 0.1419711 -0.9847996 -1.90735e-5 -0.6297954 0.7572156 0.1731559 -7.62939e-6 0 0 0 1 0.7702881 0.6375507 0.01364159 26.59837 -0.1000663 0.1419718 -0.9847994 -9.53674e-6 -0.6297959 0.7572152 0.1731563 7.62939e-6 0 0 0 1</float_array>
        <technique_common>
          <accessor source="#node-Bip001_R_Hand_matrix-output-array" count="18" stride="16">
            <param name="TRANSFORM" type="float4x4"/>
          </accessor>
        </technique_common>
      </source>
      <source id="node-Bip001_R_Hand_matrix-interpolation">
        <Name_array id="node-Bip001_R_Hand_matrix-interpolation-array" count="18">LINEAR LINEAR LINEAR LINEAR LINEAR LINEAR LINEAR LINEAR LINEAR LINEAR LINEAR LINEAR LINEAR LINEAR LINEAR LINEAR LINEAR LINEAR</Name_array>
        <technique_common>
          <accessor source="#node-Bip001_R_Hand_matrix-interpolation-array" count="18" stride="1">
            <param name="INTERPOLATION" type="name"/>
          </accessor>
        </technique_common>
      </source>
      <source id="node-Bip001_R_Finger1_matrix-input">
        <float_array id="node-Bip001_R_Finger1_matrix-input-array" count="18">0 0.03333334 0.06666667 0.1 0.1333333 0.1666667 0.2 0.2333333 0.2666667 0.3 0.3333333 0.3666667 0.4 0.4333333 0.4666667 0.5 0.5333334 0.5666667</float_array>
        <technique_common>
          <accessor source="#node-Bip001_R_Finger1_matrix-input-array" count="18" stride="1">
            <param name="TIME" type="float"/>
          </accessor>
        </technique_common>
      </source>
      <source id="node-Bip001_R_Finger1_matrix-output">
        <float_array id="node-Bip001_R_Finger1_matrix-output-array" count="288">0.9363554 0.3509739 0.007457375 9.81699 -0.3497363 0.9344713 -0.06669294 1.52588e-5 -0.03037613 0.05984008 0.9977458 7.62939e-6 0 0 0 1 0.8967884 0.4423968 0.007457435 9.816998 -0.4409779 0.8950369 -0.06669205 1.52588e-5 -0.03617906 0.05652022 0.997746 0 0 0 0 1 0.8533083 0.5213537 0.007457494 9.817009 -0.5197829 0.8516916 -0.0666927 7.62939e-6 -0.04112201 0.05303305 0.997746 7.62939e-6 0 0 0 1 0.8028953 0.5960743 0.007457375 9.816994 -0.5943644 0.8014262 -0.06669235 7.62939e-6 -0.04573017 0.04911458 0.9977459 0 0 0 0 1 0.7396039 0.6730012 0.007456958 9.816987 -0.6711542 0.7383118 -0.06669217 7.62939e-6 -0.05038952 0.044321 0.9977459 3.8147e-6 0 0 0 1 0.68296 0.7304181 0.007457435 9.817017 -0.7284718 0.6818221 -0.06669235 2.28882e-5 -0.05379801 0.04011565 0.997746 3.8147e-6 0 0 0 1 0.6583234 0.7526987 0.007457435 9.816987 -0.7507168 0.6572498 -0.06669235 1.52588e-5 -0.05510073 0.03830671 0.997746 3.8147e-6 0 0 0 1 0.6847797 0.728712 0.007457494 9.816987 -0.7267687 0.683637 -0.06669241 1.14441e-5 -0.05369782 0.04024976 0.9977458 3.8147e-6 0 0 0 1 0.748395 0.6632114 0.007456839 9.817017 -0.6613811 0.7470792 -0.06669229 1.14441e-5 -0.049802 0.04498034 0.997746 1.90735e-5 0 0 0 1 0.8242605 0.5661622 0.007457315 9.816971 -0.5645077 0.8227294 -0.06669235 1.43051e-5 -0.04389411 0.05076211 0.997746 1.14441e-5 0 0 0 1 0.8913713 0.4532131 0.007457196 9.816987 -0.451773 0.8896371 -0.06669223 1.52588e-5 -0.03685992 0.05607855 0.9977457 7.62939e-6 0 0 0 1 0.937833 0.3470066 0.007457256 9.817017 -0.3457769 0.9359438 -0.06669229 1.52588e-5 -0.03012222 0.05996769 0.9977456 7.62939e-6 0 0 0 1 0.9616923 0.2740302 0.007457137 9.817002 -0.2729493 0.9597142 -0.06669223 1.14441e-5 -0.02543234 0.06210201 0.9977458 9.53674e-6 0 0 0 1 0.9691746 0.2462639 0.007457077 9.817002 -0.2452404 0.9671658 -0.06669223 7.62939e-6 -0.02363616 0.06280767 0.9977461 3.8147e-6 0 0 0 1 0.9701779 0.2422801 0.007457375 9.817002 -0.2412649 0.9681649 -0.06669217 7.62939e-6 -0.02337819 0.062904 0.9977458 1.04904e-5 0 0 0 1 0.9701778 0.2422802 0.007457256 9.817004 -0.2412649 0.9681652 -0.06669229 7.62939e-6 -0.02337807 0.06290417 0.9977459 -3.8147e-6 0 0 0 1 0.9701778 0.2422801 0.007457435 9.816994 -0.2412648 0.9681652 -0.06669235 1.52588e-5 -0.02337825 0.06290423 0.9977459 1.52588e-5 0 0 0 1 0.970178 0.2422802 0.007457375 9.817002 -0.2412649 0.9681653 -0.06669241 3.05176e-5 -0.02337831 0.06290429 0.9977459 7.62939e-6 0 0 0 1</float_array>
        <technique_common>
          <accessor source="#node-Bip001_R_Finger1_matrix-output-array" count="18" stride="16">
            <param name="TRANSFORM" type="float4x4"/>
          </accessor>
        </technique_common>
      </source>
      <source id="node-Bip001_R_Finger1_matrix-interpolation">
        <Name_array id="node-Bip001_R_Finger1_matrix-interpolation-array" count="18">LINEAR LINEAR LINEAR LINEAR LINEAR LINEAR LINEAR LINEAR LINEAR LINEAR LINEAR LINEAR LINEAR LINEAR LINEAR LINEAR LINEAR LINEAR</Name_array>
        <technique_common>
          <accessor source="#node-Bip001_R_Finger1_matrix-interpolation-array" count="18" stride="1">
