<?xml version="1.0" encoding="utf-8"?>
<COLLADA xmlns="http://www.collada.org/2005/11/COLLADASchema" version="1.4.1">
  <asset>
    <contributor>
      <author>Juan</author>
      <authoring_tool>OpenCOLLADA for 3ds Max;  ;  </authoring_tool>
    </contributor>
    <created>2014-04-27T15:56:56</created>
    <modified>2014-04-27T15:56:56</modified>
    <unit name="inch" meter="0.0254"/>
    <up_axis>Z_UP</up_axis>
  </asset>
  <library_lights>
    <light id="EnvironmentAmbientLight" name="EnvironmentAmbientLight">
      <technique_common>
        <ambient>
          <color>0 0 0</color>
        </ambient>
      </technique_common>
    </light>
  </library_lights>
  <library_visual_scenes>
    <visual_scene id="MaxScene">
      <node name="EnvironmentAmbientLight">
        <instance_light url="#EnvironmentAmbientLight"/>
      </node>
      <node id="node-Bip001_Pelvis" name="Bip001_Pelvis">
        <matrix sid="matrix">0.1970793 -0.4798002 0.854957 7.5189e-7 -0.4493924 -0.8192592 -0.3561755 4.568398 0.8713244 -0.3140164 -0.3770776 52.4763 0 0 0 1</matrix>
        <node id="node-Bip001_Spine" name="Bip001_Spine">
          <matrix sid="matrix">0.9849688 -0.08752775 0.1489127 9.60561 0.08933198 0.9959871 -0.005457006 -1.132025 -0.1478375 0.01867759 0.9888352 -2.214216 0 0 0 1</matrix>
          <node id="node-Bip001_Spine1" name="Bip001_Spine1">
            <matrix sid="matrix">0.8639661 -0.497953 -0.07487215 28.68499 0.4797652 0.8591648 -0.177938 -0.02279854 0.1529322 0.1178114 0.9811894 -1.04904e-5 0 0 0 1</matrix>
            <node id="node-Bip001_R_UpperArm" name="Bip001_R_UpperArm">
              <matrix sid="matrix">0.8672394 -0.489302 -0.09209007 20.3707 0.2026393 0.1779233 0.9629549 -5.571114 -0.4547905 -0.8537726 0.2534538 -19.34526 0 0 0 1</matrix>
              <node id="node-Bip001_R_Forearm" name="Bip001_R_Forearm">
                <matrix sid="matrix">0.9699879 0.2431529 -1.10269e-6 27.57621 -0.2431528 0.969988 -1.3411e-7 0 1.01328e-6 3.94881e-7 0.9999999 3.8147e-5 0 0 0 1</matrix>
                <node id="node-Bip001_R_Hand" name="Bip001_R_Hand">
                  <matrix sid="matrix">0.7702885 0.6375495 0.0136411 26.59837 -0.1000665 0.1419716 -0.9848 -2.19345e-5 -0.6297953 0.7572154 0.1731565 -7.62939e-6 0 0 0 1</matrix>
                  <node id="node-Bip001_R_Finger1" name="Bip001_R_Finger1">
                    <matrix sid="matrix">0.9701777 0.24228 0.00745727 9.816986 -0.2412649 0.9681648 -0.06669213 0 -0.02337807 0.06290403 0.9977456 1.33514e-5 0 0 0 1</matrix>
                    <extra>
                      <technique profile="OpenCOLLADA">
                        <cast_shadows>1</cast_shadows>
                        <primary_visibility>1</primary_visibility>
                        <receive_shadows>1</receive_shadows>
                        <secondary_visibility>1</secondary_visibility>
                      </technique>
                    </extra>
                  </node>
                  <node id="node-Bip001_R_Finger0" name="Bip001_R_Finger0">
                    <matrix sid="matrix">0.7433193 0.6290965 -0.2274063 3.7117 0.6162982 -0.5118598 0.5984781 2.343044 0.2601 -0.5850108 -0.7681867 5.048512 0 0 0 1</matrix>
                    <extra>
                      <technique profile="OpenCOLLADA">
                        <cast_shadows>1</cast_shadows>
                        <primary_visibility>1</primary_visibility>
                        <receive_shadows>1</receive_shadows>
                        <secondary_visibility>1</secondary_visibility>
                      </technique>
                    </extra>
                  </node>
                  <extra>
                    <technique profile="OpenCOLLADA">
                      <cast_shadows>1</cast_shadows>
                      <primary_visibility>1</primary_visibility>
                      <receive_shadows>1</receive_shadows>
                      <secondary_visibility>1</secondary_visibility>
                    </technique>
                  </extra>
                </node>
                <extra>
                  <technique profile="OpenCOLLADA">
                    <cast_shadows>1</cast_shadows>
                    <primary_visibility>1</primary_visibility>
                    <receive_shadows>1</receive_shadows>
                    <secondary_visibility>1</secondary_visibility>
                  </technique>
                </extra>
              </node>
              <extra>
                <technique profile="OpenCOLLADA">
                  <cast_shadows>1</cast_shadows>
                  <primary_visibility>1</primary_visibility>
                  <receive_shadows>1</receive_shadows>
                  <secondary_visibility>1</secondary_visibility>
                </technique>
              </extra>
            </node>
            <node id="node-Bip001_Head" name="Bip001_Head">
              <matrix sid="matrix">0.6478907 0.7581086 -0.0742271 37.34945 -0.7353333 0.5970277 -0.3206918 2.440975 -0.1988035 0.2623549 0.9442708 -2.09808e-5 0 0 0 1</matrix>
              <extra>
                <technique profile="OpenCOLLADA">
                  <cast_shadows>1</cast_shadows>
                  <primary_visibility>1</primary_visibility>
                  <receive_shadows>1</receive_shadows>
                  <secondary_visibility>1</secondary_visibility>
                </technique>
              </extra>
            </node>
            <node id="node-Bip001_L_UpperArm" name="Bip001_L_UpperArm">
              <matrix sid="matrix">0.8500925 -0.5240026 0.05257665 19.28494 0.3353337 0.461612 -0.8212585 -4.462143 0.4060714 0.7157771 0.5681281 17.20301 0 0 0 1</matrix>
              <node id="node-Bip001_L_Forearm" name="Bip001_L_Forearm">
                <matrix sid="matrix">0.9784821 0.2063308 5.21541e-7 27.57625 -0.2063308 0.978482 1.49012e-7 7.62939e-6 -4.91738e-7 -2.38419e-7 1 -1.02997e-4 0 0 0 1</matrix>
                <node id="node-Bip001_L_Hand" name="Bip001_L_Hand">
                  <matrix sid="matrix">0.9533279 0.276508 -0.1212814 26.59841 0.08635715 0.1352002 0.9870476 -4.19617e-5 0.2893239 -0.9514538 0.1050116 -3.8147e-5 0 0 0 1</matrix>
                  <node id="node-Bip001_L_Finger1" name="Bip001_L_Finger1">
                    <matrix sid="matrix">0.9578769 -0.2870822 -0.007456928 9.817009 0.2869273 0.9556282 0.06669149 -1.52588e-5 -0.01201987 -0.06602192 0.9977459 2.67029e-5 0 0 0 1</matrix>
                    <extra>
                      <technique profile="OpenCOLLADA">
                        <cast_shadows>1</cast_shadows>
                        <primary_visibility>1</primary_visibility>
                        <receive_shadows>1</receive_shadows>
                        <secondary_visibility>1</secondary_visibility>
                      </technique>
                    </extra>
                  </node>
                  <node id="node-Bip001_L_Finger0" name="Bip001_L_Finger0">
                    <matrix sid="matrix">0.7433204 0.6290961 0.2274058 3.71167 0.6162983 -0.5118604 -0.5984781 2.343014 -0.2601002 0.5850105 -0.7681867 -5.048496 0 0 0 1</matrix>
                    <extra>
                      <technique profile="OpenCOLLADA">
                        <cast_shadows>1</cast_shadows>
                        <primary_visibility>1</primary_visibility>
                        <receive_shadows>1</receive_shadows>
                        <secondary_visibility>1</secondary_visibility>
                      </technique>
                    </extra>
                  </node>
                  <extra>
                    <technique profile="OpenCOLLADA">
                      <cast_shadows>1</cast_shadows>
                      <primary_visibility>1</primary_visibility>
                      <receive_shadows>1</receive_shadows>
                      <secondary_visibility>1</secondary_visibility>
                    </technique>
                  </extra>
                </node>
                <extra>
                  <technique profile="OpenCOLLADA">
                    <cast_shadows>1</cast_shadows>
                    <primary_visibility>1</primary_visibility>
                    <receive_shadows>1</receive_shadows>
                    <secondary_visibility>1</secondary_visibility>
                  </technique>
                </extra>
              </node>
              <extra>
                <technique profile="OpenCOLLADA">
                  <cast_shadows>1</cast_shadows>
                  <primary_visibility>1</primary_visibility>
                  <receive_shadows>1</receive_shadows>
                  <secondary_visibility>1</secondary_visibility>
                </technique>
              </extra>
            </node>
            <extra>
              <technique profile="OpenCOLLADA">
                <cast_shadows>1</cast_shadows>
                <primary_visibility>1</primary_visibility>
                <receive_shadows>1</receive_shadows>
                <secondary_visibility>1</secondary_visibility>
              </technique>
            </extra>
          </node>
          <extra>
            <technique profile="OpenCOLLADA">
              <cast_shadows>1</cast_shadows>
              <primary_visibility>1</primary_visibility>
              <receive_shadows>1</receive_shadows>
              <secondary_visibility>1</secondary_visibility>
            </technique>
          </extra>
        </node>
        <node id="node-Bip001_R_Thigh" name="Bip001_R_Thigh">
          <matrix sid="matrix">-0.5345295 0.8438207 -0.04737511 -2.67029e-5 0.788188 0.4774888 -0.3882834 -7.62939e-6 -0.3050205 -0.2448895 -0.9203212 -10.7261 0 0 0 1</matrix>
          <node id="node-Bip001_R_Calf" name="Bip001_R_Calf">
            <matrix sid="matrix">-0.3003608 0.9538256 -2.11596e-6 37.31354 -0.9538255 -0.3003609 1.78814e-6 -2.28882e-5 1.07288e-6 2.5034e-6 1 3.8147e-5 0 0 0 1</matrix>
            <node id="node-Bip001_R_Foot" name="Bip001_R_Foot">
              <matrix sid="matrix">0.4666657 -0.8842801 0.01647057 44.58315 0.7741503 0.4174099 0.475878 2.86102e-6 -0.4276846 -0.2093252 0.8793568 0 0 0 0 1</matrix>
              <extra>
                <technique profile="OpenCOLLADA">
                  <cast_shadows>1</cast_shadows>
                  <primary_visibility>1</primary_visibility>
                  <receive_shadows>1</receive_shadows>
                  <secondary_visibility>1</secondary_visibility>
                </technique>
              </extra>
            </node>
            <extra>
              <technique profile="OpenCOLLADA">
                <cast_shadows>1</cast_shadows>
                <primary_visibility>1</primary_visibility>
                <receive_shadows>1</receive_shadows>
                <secondary_visibility>1</secondary_visibility>
              </technique>
            </extra>
          </node>
          <extra>
            <technique profile="OpenCOLLADA">
              <cast_shadows>1</cast_shadows>
              <primary_visibility>1</primary_visibility>
              <receive_shadows>1</receive_shadows>
              <secondary_visibility>1</secondary_visibility>
            </technique>
          </extra>
        </node>
        <node id="node-Bip001_L_Thigh" name="Bip001_L_Thigh">
          <matrix sid="matrix">0.6241022 0.7627015 -0.1696551 1.90735e-5 0.6684386 -0.4087489 0.621381 1.52588e-5 0.4045817 -0.5012093 -0.7649202 10.7261 0 0 0 1</matrix>
          <node id="node-Bip001_L_Calf" name="Bip001_L_Calf">
            <matrix sid="matrix">-0.5085217 0.8610494 1.08406e-6 37.31357 -0.8610494 -0.5085217 -3.28943e-6 -3.8147e-6 -2.2836e-6 -2.61888e-6 1 2.76566e-5 0 0 0 1</matrix>
            <node id="node-Bip001_L_Foot" name="Bip001_L_Foot">
              <matrix sid="matrix">0.9376844 -0.3463275 -0.02837523 44.58325 0.3431847 0.9357908 -0.08074493 -2.47955e-5 0.05451747 0.06597531 0.9963307 1.62125e-5 0 0 0 1</matrix>
              <extra>
                <technique profile="OpenCOLLADA">
                  <cast_shadows>1</cast_shadows>
                  <primary_visibility>1</primary_visibility>
                  <receive_shadows>1</receive_shadows>
                  <secondary_visibility>1</secondary_visibility>
                </technique>
              </extra>
            </node>
            <extra>
              <technique profile="OpenCOLLADA">
                <cast_shadows>1</cast_shadows>
                <primary_visibility>1</primary_visibility>
                <receive_shadows>1</receive_shadows>
                <secondary_visibility>1</secondary_visibility>
              </technique>
            </extra>
          </node>
          <extra>
            <technique profile="OpenCOLLADA">
              <cast_shadows>1</cast_shadows>
              <primary_visibility>1</primary_visibility>
              <receive_shadows>1</receive_shadows>
              <secondary_visibility>1</secondary_visibility>
            </technique>
          </extra>
        </node>
        <extra>
          <technique profile="OpenCOLLADA">
            <cast_shadows>1</cast_shadows>
            <primary_visibility>1</primary_visibility>
            <receive_shadows>1</receive_shadows>
            <secondary_visibility>1</secondary_visibility>
          </technique>
        </extra>
      </node>
    </visual_scene>
  </library_visual_scenes>
  <library_animations>
    <animation>
      <source id="node-Bip001_Pelvis_matrix-input">
        <float_array id="node-Bip001_Pelvis_matrix-input-array" count="11">0 0.03333334 0.06666667 0.1 0.1333333 0.1666667 0.2 0.2333333 0.2666667 0.3 0.3333333</float_array>
        <technique_common>
          <accessor source="#node-Bip001_Pelvis_matrix-input-array" count="11" stride="1">
            <param name="TIME" type="float"/>
          </accessor>
        </technique_common>
      </source>
      <source id="node-Bip001_Pelvis_matrix-output">
        <float_array id="node-Bip001_Pelvis_matrix-output-array" count="176">0.1970793 -0.4798002 0.8549571 7.5189e-7 -0.4493924 -0.8192592 -0.3561754 4.568397 0.8713244 -0.3140164 -0.3770776 52.4763 0 0 0 1 0.1649045 -0.4166494 0.8939853 0.002418875 -0.3344902 -0.8763043 -0.3467089 3.920061 0.9278593 -0.2418555 -0.2838717 66.33047 0 0 0 1 0.09423494 -0.2893378 0.9525772 0.002106368 -0.1505038 -0.9499785 -0.2736595 2.99107 0.9841079 -0.1175782 -0.1330676 92.43096 0 0 0 1 0.02379852 -0.2161152 0.9760777 -2.18732e-6 -0.002166628 -0.9763631 -0.2161256 1.718831 0.9997144 0.003028631 -0.02370429 106.9765 0 0 0 1 -0.03969115 -0.2345219 0.9713001 -0.002333879 0.07793229 -0.9698317 -0.2309827 -0.05899274 0.9961682 0.06652766 0.05677056 106.5281 0 0 0 1 -0.1097438 -0.2830665 0.9528009 -0.002395987 0.1378515 -0.9536616 -0.2674443 -2.21076 0.9843542 0.1019946 0.1436796 104.1688 0 0 0 1 -0.1752562 -0.3483203 0.9208464 2.37289e-5 0.1832423 -0.9305195 -0.3171045 -4.360999 0.9673197 0.1131635 0.2269064 100.8698 0 0 0 1 -0.2255915 -0.4170368 0.8804481 0.003034889 0.2200142 -0.9022058 -0.3709698 -6.131948 0.9490534 0.1100235 0.295284 97.60003 0 0 0 1 -0.2501978 -0.4797995 0.8409481 1.5951e-6 0.2520643 -0.8709009 -0.4218951 -7.121223 0.9348075 0.1064157 0.3388377 95.32197 0 0 0 1 -0.2463974 -0.5406366 0.8043635 -0.009191989 0.2469143 -0.837583 -0.4873278 -6.83581 0.9371883 0.07853257 0.339869 94.19448 0 0 0 1 -0.2255949 -0.6039075 0.7644625 -0.01429551 0.2218354 -0.7959204 -0.5632941 -5.790856 0.9486287 0.04250854 0.3135235 93.62537 0 0 0 1</float_array>
        <technique_common>
          <accessor source="#node-Bip001_Pelvis_matrix-output-array" count="11" stride="16">
            <param name="TRANSFORM" type="float4x4"/>
          </accessor>
        </technique_common>
      </source>
      <source id="node-Bip001_Pelvis_matrix-interpolation">
        <Name_array id="node-Bip001_Pelvis_matrix-interpolation-array" count="11">LINEAR LINEAR LINEAR LINEAR LINEAR LINEAR LINEAR LINEAR LINEAR LINEAR LINEAR</Name_array>
        <technique_common>
          <accessor source="#node-Bip001_Pelvis_matrix-interpolation-array" count="11" stride="1">
            <param name="INTERPOLATION" type="name"/>
          </accessor>
        </technique_common>
      </source>
      <source id="node-Bip001_Spine_matrix-input">
        <float_array id="node-Bip001_Spine_matrix-input-array" count="11">0 0.03333334 0.06666667 0.1 0.1333333 0.1666667 0.2 0.2333333 0.2666667 0.3 0.3333333</float_array>
        <technique_common>
          <accessor source="#node-Bip001_Spine_matrix-input-array" count="11" stride="1">
            <param name="TIME" type="float"/>
          </accessor>
        </technique_common>
      </source>
      <source id="node-Bip001_Spine_matrix-output">
        <float_array id="node-Bip001_Spine_matrix-output-array" count="176">0.9849688 -0.08752775 0.1489127 9.60561 0.08933198 0.9959871 -0.005456984 -1.132025 -0.1478375 0.01867759 0.9888352 -2.214216 0 0 0 1 0.9899716 -0.06451928 0.1256733 9.76257 0.07171243 0.9959855 -0.05357533 -0.8136044 -0.1217122 0.06205028 0.9906241 -1.575451 0 0 0 1 0.9970026 -0.04382675 0.06375694 9.913994 0.05259931 0.9883003 -0.1431635 0.02570533 -0.05673658 0.146088 0.9876431 -0.4052143 0 0 0 1 0.9981086 -0.06142109 -0.002660691 9.886818 0.05977565 0.9796662 -0.1915239 0.6949084 0.0143702 0.1910026 0.9814842 0.4692741 0 0 0 1 0.993252 -0.09117466 -0.07167613 9.831452 0.07852852 0.9835189 -0.1628624 0.7124252 0.08534377 0.1561349 0.9840417 1.134555 0 0 0 1 0.9818477 -0.1057797 -0.1574352 9.743401 0.09101748 0.9909947 -0.09821057 0.4408426 0.1664062 0.08209848 0.9826336 1.823247 0 0 0 1 0.9658707 -0.09167504 -0.2422593 9.627861 0.08733355 0.995768 -0.02862256 -0.05145359 0.243858 0.006488382 0.9697892 2.398762 0 0 0 1 0.9510465 -0.05702441 -0.303741 9.513504 0.06454628 0.9978055 0.0147733 -0.6350651 0.302232 -0.03365552 0.9526402 2.746231 0 0 0 1 0.9449339 -0.02613925 -0.3262161 9.448204 0.02706497 0.9996322 -0.001701474 -1.132027 0.3261407 -0.007221162 0.9452936 2.811031 0 0 0 1 0.9494197 -0.008262276 -0.3139013 9.461441 -0.01357388 0.9976393 -0.06731468 -1.47044 0.3137165 0.06817066 0.9470662 2.602116 0 0 0 1 0.9589451 0.005992293 -0.2835292 9.523591 -0.0481022 0.9887268 -0.1417936 -1.695363 0.2794833 0.1496106 0.9484227 2.208847 0 0 0 1</float_array>
        <technique_common>
          <accessor source="#node-Bip001_Spine_matrix-output-array" count="11" stride="16">
            <param name="TRANSFORM" type="float4x4"/>
          </accessor>
        </technique_common>
      </source>
      <source id="node-Bip001_Spine_matrix-interpolation">
        <Name_array id="node-Bip001_Spine_matrix-interpolation-array" count="11">LINEAR LINEAR LINEAR LINEAR LINEAR LINEAR LINEAR LINEAR LINEAR LINEAR LINEAR</Name_array>
        <technique_common>
          <accessor source="#node-Bip001_Spine_matrix-interpolation-array" count="11" stride="1">
            <param name="INTERPOLATION" type="name"/>
          </accessor>
        </technique_common>
      </source>
      <source id="node-Bip001_Spine1_matrix-input">
        <float_array id="node-Bip001_Spine1_matrix-input-array" count="11">0 0.03333334 0.06666667 0.1 0.1333333 0.1666667 0.2 0.2333333 0.2666667 0.3 0.3333333</float_array>
        <technique_common>
          <accessor source="#node-Bip001_Spine1_matrix-input-array" count="11" stride="1">
            <param name="TIME" type="float"/>
          </accessor>
        </technique_common>
      </source>
      <source id="node-Bip001_Spine1_matrix-output">
        <float_array id="node-Bip001_Spine1_matrix-output-array" count="176">0.8639661 -0.497953 -0.07487213 28.68499 0.4797652 0.8591648 -0.177938 -0.02279853 0.1529322 0.1178114 0.9811894 -1.04904e-5 0 0 0 1 0.9247874 -0.3761559 -0.05722701 28.68501 0.3646494 0.9191569 -0.1489342 -0.02279472 0.108623 0.1168646 0.9871898 -1.81198e-5 0 0 0 1 0.9910085 -0.1333037 -0.01154124 28.68499 0.1312861 0.9853969 -0.1084331 -0.02279663 0.02582722 0.1059429 0.994037 -1.57356e-5 0 0 0 1 0.9998224 0.001014769 0.01884227 28.68501 3.9123e-4 0.9972237 -0.07446765 -0.02279472 -0.01886552 0.07446175 0.9970456 -1.7643e-5 0 0 0 1 0.9998973 -0.005520999 0.01324224 28.68501 0.00563097 0.9999501 -0.008280515 -0.02279448 -0.01319587 0.008354246 0.9998781 -2.24113e-5 0 0 0 1 0.9998227 -0.01867681 -0.002552449 28.68501 0.01882559 0.9962548 0.08439415 -0.02279305 9.6673e-4 -0.08442723 0.9964292 -1.5974e-5 0 0 0 1 0.9991587 -0.0321238 -0.0255146 28.68498 0.03617441 0.9832471 0.1786547 -0.02279186 0.01934808 -0.1794273 0.9835816 -2.67029e-5 0 0 0 1 0.9978373 -0.04263651 -0.05002897 28.68499 0.05386584 0.9665911 0.2506005 -0.02279472 0.03767281 -0.2527534 0.9667972 -1.27554e-5 0 0 0 1 0.9963386 -0.05084991 -0.06873041 28.68499 0.06811827 0.9579516 0.2787279 -0.022789 0.05166709 -0.2823892 0.9579074 -1.81198e-5 0 0 0 1 0.9950718 -0.05846232 -0.08009135 28.68501 0.07862067 0.9573656 0.2779753 -0.02279281 0.06042557 -0.2829023 0.9572436 -2.00272e-5 0 0 0 1 0.9939235 -0.06545621 -0.08849829 28.685 0.08768039 0.9568569 0.277015 -0.02279281 0.06654787 -0.2830913 0.9567813 -1.4782e-5 0 0 0 1</float_array>
        <technique_common>
          <accessor source="#node-Bip001_Spine1_matrix-output-array" count="11" stride="16">
            <param name="TRANSFORM" type="float4x4"/>
          </accessor>
        </technique_common>
      </source>
      <source id="node-Bip001_Spine1_matrix-interpolation">
        <Name_array id="node-Bip001_Spine1_matrix-interpolation-array" count="11">LINEAR LINEAR LINEAR LINEAR LINEAR LINEAR LINEAR LINEAR LINEAR LINEAR LINEAR</Name_array>
        <technique_common>
          <accessor source="#node-Bip001_Spine1_matrix-interpolation-array" count="11" stride="1">
            <param name="INTERPOLATION" type="name"/>
          </accessor>
        </technique_common>
      </source>
      <source id="node-Bip001_R_UpperArm_matrix-input">
        <float_array id="node-Bip001_R_UpperArm_matrix-input-array" count="11">0 0.03333334 0.06666667 0.1 0.1333333 0.1666667 0.2 0.2333333 0.2666667 0.3 0.3333333</float_array>
        <technique_common>
          <accessor source="#node-Bip001_R_UpperArm_matrix-input-array" count="11" stride="1">
            <param name="TIME" type="float"/>
          </accessor>
        </technique_common>
      </source>
      <source id="node-Bip001_R_UpperArm_matrix-output">
        <float_array id="node-Bip001_R_UpperArm_matrix-output-array" count="176">0.8672394 -0.489302 -0.09209007 20.3707 0.2026392 0.1779233 0.9629549 -5.571114 -0.4547905 -0.8537726 0.2534538 -19.34526 0 0 0 1 0.311897 -0.5578252 -0.7691244 20.40557 0.4529526 -0.6242954 0.6364672 -5.540157 -0.8351982 -0.5468884 0.05795246 -19.46873 0 0 0 1 -0.3304439 -0.286044 -0.8994367 20.47727 0.196675 -0.9529181 0.2307959 -5.476475 -0.9231074 -0.1006315 0.3711432 -19.72262 0 0 0 1 -0.7116695 -0.01100289 -0.7024291 20.53644 -0.1427986 -0.9767375 0.1599767 -5.423915 -0.6878494 0.2141562 0.6935427 -19.9322 0 0 0 1 -0.8341771 0.1458185 -0.5318714 20.57294 -0.3323894 -0.9025001 0.2738825 -5.391541 -0.4400767 0.4052545 0.801313 -20.06129 0 0 0 1 -0.839338 0.1875292 -0.5102407 20.60712 -0.4128434 -0.830529 0.3738753 -5.361185 -0.353657 0.524457 0.7745141 -20.18234 0 0 0 1 -0.8052812 0.1453962 -0.5747895 20.6357 -0.4462638 -0.786915 0.4261614 -5.335817 -0.3903484 0.599687 0.6985728 -20.28346 0 0 0 1 -0.7569584 0.05471545 -0.6511688 20.65527 -0.4500968 -0.7660748 0.4588496 -5.31842 -0.4737377 0.6404189 0.604514 -20.35284 0 0 0 1 -0.7242112 -0.02293944 -0.6891973 20.66257 -0.4455222 -0.747284 0.4930288 -5.311959 -0.526336 0.6641094 0.5309709 -20.3786 0 0 0 1 -0.7102971 -0.0818758 -0.6991247 20.66255 -0.4352474 -0.7294943 0.5276348 -5.311962 -0.5532082 0.6790692 0.4825211 -20.3786 0 0 0 1 -0.6909095 -0.1622049 -0.7045105 20.66254 -0.4008852 -0.7249948 0.5600666 -5.311961 -0.6016119 0.6693826 0.4358798 -20.3786 0 0 0 1</float_array>
        <technique_common>
          <accessor source="#node-Bip001_R_UpperArm_matrix-output-array" count="11" stride="16">
            <param name="TRANSFORM" type="float4x4"/>
          </accessor>
        </technique_common>
      </source>
      <source id="node-Bip001_R_UpperArm_matrix-interpolation">
        <Name_array id="node-Bip001_R_UpperArm_matrix-interpolation-array" count="11">LINEAR LINEAR LINEAR LINEAR LINEAR LINEAR LINEAR LINEAR LINEAR LINEAR LINEAR</Name_array>
        <technique_common>
          <accessor source="#node-Bip001_R_UpperArm_matrix-interpolation-array" count="11" stride="1">
            <param name="INTERPOLATION" type="name"/>
          </accessor>
        </technique_common>
      </source>
      <source id="node-Bip001_R_Forearm_matrix-input">
        <float_array id="node-Bip001_R_Forearm_matrix-input-array" count="11">0 0.03333334 0.06666667 0.1 0.1333333 0.1666667 0.2 0.2333333 0.2666667 0.3 0.3333333</float_array>
        <technique_common>
          <accessor source="#node-Bip001_R_Forearm_matrix-input-array" count="11" stride="1">
            <param name="TIME" type="float"/>
          </accessor>
        </technique_common>
      </source>
      <source id="node-Bip001_R_Forearm_matrix-output">
        <float_array id="node-Bip001_R_Forearm_matrix-output-array" count="176">0.9699879 0.2431528 -1.10269e-6 27.57621 -0.2431527 0.969988 -1.3411e-7 0 1.01328e-6 3.94881e-7 0.9999999 3.8147e-5 0 0 0 1 0.920058 0.3917828 -1.33365e-6 27.5762 -0.3917829 0.9200577 -2.01166e-7 6.19888e-6 1.15111e-6 7.07805e-7 0.9999998 3.8147e-5 0 0 0 1 0.7526321 0.6584413 -1.13249e-6 27.5762 -0.6584412 0.7526322 -1.6205e-7 1.00136e-5 7.45058e-7 8.49366e-7 0.9999997 4.57764e-5 0 0 0 1 0.5717791 0.8204073 -1.2219e-6 27.57618 -0.8204081 0.5717785 -2.6077e-7 1.14441e-5 5.66244e-7 1.2219e-6 0.9999998 4.57764e-5 0 0 0 1 0.472711 0.8812173 -1.37091e-6 27.5762 -0.8812175 0.4727109 -4.02331e-7 1.14441e-5 3.27826e-7 1.49012e-6 0.9999997 6.86645e-5 0 0 0 1 0.3917099 0.9200887 -1.37091e-6 27.57619 -0.9200893 0.3917096 -1.3411e-7 5.72205e-6 2.98023e-7 1.3113e-6 0.9999997 4.57764e-5 0 0 0 1 0.3322699 0.9431841 -1.2815e-6 27.57621 -0.9431849 0.3322695 -4.91738e-7 2.86102e-6 0 1.37091e-6 1 4.57764e-5 0 0 0 1 0.2961775 0.9551333 -1.19209e-6 27.5762 -0.9551326 0.2961777 0 2.86102e-6 2.68221e-7 1.2219e-6 0.9999997 5.34058e-5 0 0 0 1 0.2841207 0.958788 -1.40071e-6 27.57621 -0.9587891 0.2841205 -2.5332e-7 1.90735e-6 1.63913e-7 1.43051e-6 0.9999998 5.34058e-5 0 0 0 1 0.2847069 0.9586142 -1.49012e-6 27.5762 -0.9586147 0.2847068 -4.17232e-7 -1.90735e-6 0 1.51992e-6 0.9999997 6.10352e-5 0 0 0 1 0.2864225 0.9581032 -1.43051e-6 27.5762 -0.9581038 0.2864223 -5.96046e-7 1.14441e-5 -1.37952e-7 1.51992e-6 0.9999998 6.86645e-5 0 0 0 1</float_array>
        <technique_common>
          <accessor source="#node-Bip001_R_Forearm_matrix-output-array" count="11" stride="16">
            <param name="TRANSFORM" type="float4x4"/>
          </accessor>
        </technique_common>
      </source>
      <source id="node-Bip001_R_Forearm_matrix-interpolation">
        <Name_array id="node-Bip001_R_Forearm_matrix-interpolation-array" count="11">LINEAR LINEAR LINEAR LINEAR LINEAR LINEAR LINEAR LINEAR LINEAR LINEAR LINEAR</Name_array>
        <technique_common>
          <accessor source="#node-Bip001_R_Forearm_matrix-interpolation-array" count="11" stride="1">
            <param name="INTERPOLATION" type="name"/>
          </accessor>
        </technique_common>
      </source>
      <source id="node-Bip001_R_Hand_matrix-input">
        <float_array id="node-Bip001_R_Hand_matrix-input-array" count="11">0 0.03333334 0.06666667 0.1 0.1333333 0.1666667 0.2 0.2333333 0.2666667 0.3 0.3333333</float_array>
        <technique_common>
          <accessor source="#node-Bip001_R_Hand_matrix-input-array" count="11" stride="1">
            <param name="TIME" type="float"/>
          </accessor>
        </technique_common>
      </source>
      <source id="node-Bip001_R_Hand_matrix-output">
        <float_array id="node-Bip001_R_Hand_matrix-output-array" count="176">0.7702885 0.6375495 0.01364105 26.59837 -0.1000665 0.1419716 -0.9848001 -2.19345e-5 -0.6297953 0.7572154 0.1731565 -7.62939e-6 0 0 0 1 0.8327944 0.5525407 0.03394365 26.59834 -0.0458346 0.1299285 -0.9904639 -1.71661e-5 -0.5516817 0.8232962 0.1335293 -7.62939e-6 0 0 0 1 0.9277942 0.3618149 0.09103947 26.59833 0.05829155 0.1004408 -0.9932339 -1.14441e-5 -0.3685108 0.926824 0.07209759 -3.05176e-5 0 0 0 1 0.968665 0.2017871 0.1448128 26.59833 0.1323959 0.07380187 -0.9884459 -1.52588e-5 -0.210143 0.9766452 0.04477351 0 0 0 0 1 0.9774363 0.122685 0.1719496 26.59834 0.1656188 0.06013387 -0.9843546 -3.05176e-5 -0.1311056 0.9906228 0.0384581 -1.52588e-5 0 0 0 1 0.9792974 0.06084716 0.1930664 26.59832 0.1902441 0.04924607 -0.9805006 -3.8147e-5 -0.06916844 0.9969323 0.03665077 -1.52588e-5 0 0 0 1 0.9779917 0.01673382 0.2079724 26.59833 0.2071459 0.04137593 -0.9774352 -1.52588e-5 -0.02496129 0.9990039 0.03699904 -1.52588e-5 0 0 0 1 0.9761731 -0.009611606 0.2167812 26.59833 0.2169895 0.03663676 -0.9754859 -1.52588e-5 0.001433849 0.9992831 0.0378493 -1.52588e-5 0 0 0 1 0.9753988 -0.01834559 0.2196837 26.59833 0.2202132 0.03505963 -0.9748215 -3.05176e-5 0.01018166 0.9992173 0.03823697 -1.52588e-5 0 0 0 1 0.9765447 -0.005031406 0.2152559 26.59833 0.2152916 0.03746277 -0.9758306 0 -0.003154218 0.999286 0.03766721 0 0 0 0 1 0.9785834 0.02924555 0.2037625 26.59833 0.2024062 0.04361635 -0.9783299 -1.52588e-5 -0.03749918 0.9986206 0.03676277 -7.62939e-6 0 0 0 1</float_array>
        <technique_common>
          <accessor source="#node-Bip001_R_Hand_matrix-output-array" count="11" stride="16">
            <param name="TRANSFORM" type="float4x4"/>
          </accessor>
        </technique_common>
      </source>
      <source id="node-Bip001_R_Hand_matrix-interpolation">
        <Name_array id="node-Bip001_R_Hand_matrix-interpolation-array" count="11">LINEAR LINEAR LINEAR LINEAR LINEAR LINEAR LINEAR LINEAR LINEAR LINEAR LINEAR</Name_array>
        <technique_common>
          <accessor source="#node-Bip001_R_Hand_matrix-interpolation-array" count="11" stride="1">
            <param name="INTERPOLATION" type="name"/>
          </accessor>
        </technique_common>
      </source>
      <source id="node-Bip001_R_Finger1_matrix-input">
        <float_array id="node-Bip001_R_Finger1_matrix-input-array" count="11">0 0.03333334 0.06666667 0.1 0.1333333 0.1666667 0.2 0.2333333 0.2666667 0.3 0.3333333</float_array>
        <technique_common>
          <accessor source="#node-Bip001_R_Finger1_matrix-input-array" count="11" stride="1">
            <param name="TIME" type="float"/>
          </accessor>
        </technique_common>
      </source>
      <source id="node-Bip001_R_Finger1_matrix-output">
        <float_array id="node-Bip001_R_Finger1_matrix-output-array" count="176">0.9701777 0.24228 0.007457256 9.816987 -0.2412648 0.9681648 -0.06669211 0 -0.02337801 0.062904 0.9977456 1.33514e-5 0 0 0 1 0.9701778 0.2422802 0.007457494 9.817002 -0.241265 0.9681648 -0.06669211 0 -0.02337837 0.06290388 0.9977457 0 0 0 0 1 0.9701778 0.2422803 0.007457435 9.817002 -0.2412651 0.9681649 -0.06669241 1.52588e-5 -0.02337819 0.06290429 0.9977456 0 0 0 0 1 0.9701777 0.2422803 0.007457315 9.817002 -0.241265 0.9681653 -0.06669229 0 -0.02337807 0.06290417 0.9977459 7.62939e-6 0 0 0 1 0.9701777 0.2422805 0.007457375 9.817009 -0.2412652 0.9681649 -0.06669199 3.05176e-5 -0.02337819 0.062904 0.9977456 0 0 0 0 1 0.9701775 0.2422802 0.007457256 9.817009 -0.2412649 0.9681648 -0.06669199 2.28882e-5 -0.02337801 0.06290382 0.9977456 -7.62939e-6 0 0 0 1 0.9701778 0.2422803 0.007457315 9.816987 -0.2412651 0.9681649 -0.06669211 1.52588e-5 -0.02337813 0.06290405 0.9977459 0 0 0 0 1 0.9701778 0.24228 0.007457315 9.81699 -0.2412647 0.9681654 -0.06669217 7.62939e-6 -0.02337807 0.06290411 0.9977459 7.62939e-6 0 0 0 1 0.9701777 0.2422803 0.007457375 9.816994 -0.241265 0.9681649 -0.06669223 0 -0.02337819 0.06290405 0.9977458 7.62939e-6 0 0 0 1 0.9615951 0.2743704 0.007457256 9.817006 -0.2732889 0.9596171 -0.06669235 7.62939e-6 -0.02545452 0.06209295 0.9977457 7.62939e-6 0 0 0 1 0.9363557 0.3509739 0.007457435 9.816998 -0.3497366 0.9344713 -0.06669276 0 -0.03037619 0.05983996 0.9977459 0 0 0 0 1</float_array>
        <technique_common>
          <accessor source="#node-Bip001_R_Finger1_matrix-output-array" count="11" stride="16">
            <param name="TRANSFORM" type="float4x4"/>
          </accessor>
        </technique_common>
      </source>
      <source id="node-Bip001_R_Finger1_matrix-interpolation">
        <Name_array id="node-Bip001_R_Finger1_matrix-interpolation-array" count="11">LINEAR LINEAR LINEAR LINEAR LINEAR LINEAR LINEAR LINEAR LINEAR LINEAR LINEAR</Name_array>
        <technique_common>
          <accessor source="#node-Bip001_R_Finger1_matrix-interpolation-array" count="11" stride="1">
            <param name="INTERPOLATION" type="name"/>
          </accessor>
        </technique_common>
      </source>
      <source id="node-Bip001_R_Finger0_matrix-input">
        <float_array id="node-Bip001_R_Finger0_matrix-input-array" count="11">0 0.03333334 0.06666667 0.1 0.1333333 0.1666667 0.2 0.2333333 0.2666667 0.3 0.3333333</float_array>
        <technique_common>
          <accessor source="#node-Bip001_R_Finger0_matrix-input-array" count="11" stride="1">
            <param name="TIME" type="float"/>
          </accessor>
        </technique_common>
      </source>
      <source id="node-Bip001_R_Finger0_matrix-output">
        <float_array id="node-Bip001_R_Finger0_matrix-output-array" count="176">0.7433193 0.6290965 -0.2274063 3.7117 0.6162982 -0.5118598 0.5984781 2.343044 0.2601 -0.5850108 -0.7681867 5.048511 0 0 0 1 0.7433192 0.6290963 -0.2274072 3.7117 0.6162992 -0.5118585 0.5984782 2.34304 0.2601001 -0.5850109 -0.7681861 5.048508 0 0 0 1 0.7433195 0.6290965 -0.2274071 3.711693 0.6162989 -0.5118588 0.5984784 2.343048 0.2601003 -0.5850113 -0.7681859 5.048508 0 0 0 1 0.7433192 0.6290968 -0.2274067 3.7117 0.6162992 -0.5118589 0.5984781 2.343048 0.2601006 -0.5850107 -0.7681864 5.048508 0 0 0 1 0.7433195 0.6290965 -0.2274063 3.7117 0.6162986 -0.5118595 0.5984778 2.343056 0.2601003 -0.5850108 -0.768186 5.048523 0 0 0 1 0.7433193 0.6290968 -0.2274069 3.711693 0.6162988 -0.5118591 0.5984781 2.343048 0.2601003 -0.5850114 -0.7681857 5.0485 0 0 0 1 0.7433196 0.6290964 -0.2274063 3.711689 0.6162986 -0.5118593 0.5984782 2.34304 0.2601004 -0.5850106 -0.7681865 5.048492 0 0 0 1 0.7433193 0.629097 -0.2274066 3.711693 0.6162984 -0.5118593 0.5984784 2.343033 0.2601006 -0.5850116 -0.7681859 5.0485 0 0 0 1 0.7433196 0.6290966 -0.2274065 3.711693 0.616299 -0.5118589 0.5984783 2.34304 0.2601007 -0.5850106 -0.7681865 5.0485 0 0 0 1 0.7506935 0.6213248 -0.2245315 3.7117 0.6005002 -0.5000391 0.6239871 2.343048 0.2754243 -0.6032547 -0.7484816 5.048515 0 0 0 1 0.7676212 0.6036698 -0.2152689 3.711693 0.5588418 -0.466006 0.6859551 2.343033 0.3137739 -0.6468546 -0.695072 5.048508 0 0 0 1</float_array>
        <technique_common>
          <accessor source="#node-Bip001_R_Finger0_matrix-output-array" count="11" stride="16">
            <param name="TRANSFORM" type="float4x4"/>
          </accessor>
        </technique_common>
      </source>
      <source id="node-Bip001_R_Finger0_matrix-interpolation">
        <Name_array id="node-Bip001_R_Finger0_matrix-interpolation-array" count="11">LINEAR LINEAR LINEAR LINEAR LINEAR LINEAR LINEAR LINEAR LINEAR LINEAR LINEAR</Name_array>
        <technique_common>
          <accessor source="#node-Bip001_R_Finger0_matrix-interpolation-array" count="11" stride="1">
            <param name="INTERPOLATION" type="name"/>
          </accessor>
        </technique_common>
      </source>
      <source id="node-Bip001_Head_matrix-input">
        <float_array id="node-Bip001_Head_matrix-input-array" count="11">0 0.03333334 0.06666667 0.1 0.1333333 0.1666667 0.2 0.2333333 0.2666667 0.3 0.3333333</float_array>
        <technique_common>
          <accessor source="#node-Bip001_Head_matrix-input-array" count="11" stride="1">
            <param name="TIME" type="float"/>
          </accessor>
        </technique_common>
      </source>
      <source id="node-Bip001_Head_matrix-output">
        <float_array id="node-Bip001_Head_matrix-output-array" count="176">0.6478907 0.7581086 -0.07422709 37.34944 -0.7353333 0.5970277 -0.3206918 2.440975 -0.1988034 0.2623549 0.9442709 -2.09808e-5 0 0 0 1 0.727678 0.6858251 -0.01138651 37.34943 -0.6676582 0.7044022 -0.2409378 2.440998 -0.1572204 0.1829274 0.9704743 -2.00272e-5 0 0 0 1 0.8276219 0.5604752 0.03017479 37.34941 -0.5589191 0.8278717 -0.04731732 2.44099 -0.05150103 0.02229553 0.9984246 -2.09808e-5 0 0 0 1 0.8854087 0.4647749 0.005994915 37.34939 -0.4645064 0.8842813 0.04775792 2.440989 0.01689547 -0.04506999 0.9988412 -2.68221e-5 0 0 0 1 0.9054118 0.4243802 0.01147466 37.34943 -0.4227505 0.9037521 -0.06719458 2.440988 -0.03888624 0.05598777 0.9976743 -2.28882e-5 0 0 0 1 0.9148019 0.4032826 0.02239197 37.34944 -0.3824182 0.8826479 -0.273294 2.440989 -0.129979 0.2414467 0.9616698 -2.71797e-5 0 0 0 1 0.9218513 0.3862709 0.03138452 37.34943 -0.3226917 0.8099136 -0.489806 2.440981 -0.2146167 0.4414008 0.8712663 -1.43051e-5 0 0 0 1 0.9345338 0.3541287 0.03521096 37.34941 -0.24867 0.7205867 -0.6472389 2.440981 -0.2545784 0.5961106 0.7614735 -2.0504e-5 0 0 0 1 0.9571544 0.2871454 0.03746402 37.34939 -0.1773487 0.6835426 -0.7080377 2.440982 -0.228918 0.6710574 0.7051801 -1.57356e-5 0 0 0 1 0.9774915 0.2070338 0.040591 37.34939 -0.1172956 0.6932221 -0.7111155 2.440978 -0.1753634 0.6903483 0.7019027 -1.33514e-5 0 0 0 1 0.9929269 0.1110637 0.04197216 37.34941 -0.04817837 0.699993 -0.7125234 2.440985 -0.1085156 0.7054614 0.7003923 -1.97887e-5 0 0 0 1</float_array>
        <technique_common>
          <accessor source="#node-Bip001_Head_matrix-output-array" count="11" stride="16">
            <param name="TRANSFORM" type="float4x4"/>
          </accessor>
        </technique_common>
      </source>
      <source id="node-Bip001_Head_matrix-interpolation">
        <Name_array id="node-Bip001_Head_matrix-interpolation-array" count="11">LINEAR LINEAR LINEAR LINEAR LINEAR LINEAR LINEAR LINEAR LINEAR LINEAR LINEAR</Name_array>
        <technique_common>
          <accessor source="#node-Bip001_Head_matrix-interpolation-array" count="11" stride="1">
            <param name="INTERPOLATION" type="name"/>
          </accessor>
        </technique_common>
      </source>
      <source id="node-Bip001_L_UpperArm_matrix-input">
        <float_array id="node-Bip001_L_UpperArm_matrix-input-array" count="11">0 0.03333334 0.06666667 0.1 0.1333333 0.1666667 0.2 0.2333333 0.2666667 0.3 0.3333333</float_array>
        <technique_common>
          <accessor source="#node-Bip001_L_UpperArm_matrix-input-array" count="11" stride="1">
            <param name="TIME" type="float"/>
          </accessor>
        </technique_common>
      </source>
      <source id="node-Bip001_L_UpperArm_matrix-output">
