<?xml version="1.0" encoding="utf-8"?>
<COLLADA xmlns="http://www.collada.org/2005/11/COLLADASchema" version="1.4.1">
  <asset>
    <contributor>
      <author>Juan</author>
      <authoring_tool>OpenCOLLADA for 3ds Max;  ;  </authoring_tool>
    </contributor>
    <created>2014-04-27T23:29:47</created>
    <modified>2014-04-27T23:29:47</modified>
    <unit name="inch" meter="0.0254"/>
    <up_axis>Z_UP</up_axis>
  </asset>
  <library_lights>
    <light id="EnvironmentAmbientLight" name="EnvironmentAmbientLight">
      <technique_common>
        <ambient>
          <color>0 0 0</color>
        </ambient>
      </technique_common>
    </light>
  </library_lights>
  <library_visual_scenes>
    <visual_scene id="MaxScene">
      <node name="EnvironmentAmbientLight">
        <instance_light url="#EnvironmentAmbientLight"/>
      </node>
      <node id="node-Bip001_Pelvis" name="Bip001_Pelvis">
        <matrix sid="matrix">0.1195437 -0.3194935 0.9400176 -1.208091 -0.02369941 -0.9474559 -0.3190076 -4.361037 0.992546 0.0158575 -0.1208342 96.39586 0 0 0 1</matrix>
        <node id="node-Bip001_Spine" name="Bip001_Spine">
          <matrix sid="matrix">0.983146 -0.05458575 0.174484 9.784042 0.1405351 0.8360837 -0.5302961 -0.9660983 -0.1169367 0.5458796 0.8296633 -1.338404 0 0 0 1</matrix>
          <node id="node-Bip001_Spine1" name="Bip001_Spine1">
            <matrix sid="matrix">0.995683 -0.00145331 0.09280573 28.68501 0.0391641 0.9130866 -0.4058806 -0.02279282 -0.0841498 0.4077631 0.9092018 -1.57356e-5 0 0 0 1</matrix>
            <node id="node-Bip001_R_UpperArm" name="Bip001_R_UpperArm">
              <matrix sid="matrix">-0.9269586 -0.2022331 -0.3159901 20.66261 0.3227109 -0.8593592 -0.396686 -5.312739 -0.1913259 -0.4696849 0.8618532 -20.37833 0 0 0 1</matrix>
              <node id="node-Bip001_R_Forearm" name="Bip001_R_Forearm">
                <matrix sid="matrix">-0.3816399 0.924311 1.11759e-7 27.57623 -0.9243107 -0.3816401 -8.12113e-7 2.09808e-5 -6.78003e-7 -3.8743e-7 0.9999996 8.7738e-5 0 0 0 1</matrix>
                <node id="node-Bip001_R_Hand" name="Bip001_R_Hand">
                  <matrix sid="matrix">0.9867897 0.1158959 0.1132 26.59838 0.1033605 0.08766792 -0.990773 -3.8147e-5 -0.1247505 0.9893851 0.07453074 2.28882e-5 0 0 0 1</matrix>
                  <node id="node-Bip001_R_Finger1" name="Bip001_R_Finger1">
                    <matrix>0.6288062 -0.7775265 0.00745675 9.816986 0.7761294 0.627037 -0.0666912 -2.28882e-5 0.04717848 0.04772326 0.9977457 -2.28882e-5 0 0 0 1</matrix>
                    <extra>
                      <technique profile="OpenCOLLADA">
                        <cast_shadows>1</cast_shadows>
                        <primary_visibility>1</primary_visibility>
                        <receive_shadows>1</receive_shadows>
                        <secondary_visibility>1</secondary_visibility>
                      </technique>
                    </extra>
                  </node>
                  <node id="node-Bip001_R_Finger0" name="Bip001_R_Finger0">
                    <matrix>0.6233871 0.4298037 -0.65319 3.71167 0.6853624 -0.702473 0.1918593 2.34301 -0.3763866 -0.5672745 -0.7324839 5.048546 0 0 0 1</matrix>
                    <extra>
                      <technique profile="OpenCOLLADA">
                        <cast_shadows>1</cast_shadows>
                        <primary_visibility>1</primary_visibility>
                        <receive_shadows>1</receive_shadows>
                        <secondary_visibility>1</secondary_visibility>
                      </technique>
                    </extra>
                  </node>
                  <extra>
                    <technique profile="OpenCOLLADA">
                      <cast_shadows>1</cast_shadows>
                      <primary_visibility>1</primary_visibility>
                      <receive_shadows>1</receive_shadows>
                      <secondary_visibility>1</secondary_visibility>
                    </technique>
                  </extra>
                </node>
                <extra>
                  <technique profile="OpenCOLLADA">
                    <cast_shadows>1</cast_shadows>
                    <primary_visibility>1</primary_visibility>
                    <receive_shadows>1</receive_shadows>
                    <secondary_visibility>1</secondary_visibility>
                  </technique>
                </extra>
              </node>
              <extra>
                <technique profile="OpenCOLLADA">
                  <cast_shadows>1</cast_shadows>
                  <primary_visibility>1</primary_visibility>
                  <receive_shadows>1</receive_shadows>
                  <secondary_visibility>1</secondary_visibility>
                </technique>
              </extra>
            </node>
            <node id="node-Bip001_Head" name="Bip001_Head">
              <matrix sid="matrix">0.9857935 0.1274536 -0.1093937 37.34944 -0.03375114 0.7883285 0.6143283 2.440984 0.1645366 -0.6019086 0.7814307 -9.53674e-6 0 0 0 1</matrix>
              <extra>
                <technique profile="OpenCOLLADA">
                  <cast_shadows>1</cast_shadows>
                  <primary_visibility>1</primary_visibility>
                  <receive_shadows>1</receive_shadows>
                  <secondary_visibility>1</secondary_visibility>
                </technique>
              </extra>
            </node>
            <node id="node-Bip001_L_UpperArm" name="Bip001_L_UpperArm">
              <matrix sid="matrix">-0.8790033 0.221948 0.4220098 20.66263 -0.321752 -0.9292766 -0.1814416 -5.312745 0.351893 -0.2952704 0.8882493 20.37833 0 0 0 1</matrix>
              <node id="node-Bip001_L_Forearm" name="Bip001_L_Forearm">
                <matrix sid="matrix">0.382999 0.9237491 5.96046e-8 27.57625 -0.9237485 0.3829994 -1.2666e-6 1.90735e-5 -1.10269e-6 4.17233e-7 1 -1.06812e-4 0 0 0 1</matrix>
                <node id="node-Bip001_L_Hand" name="Bip001_L_Hand">
                  <matrix sid="matrix">0.9870417 0.1235662 0.1023729 26.59838 -0.1189812 0.1355131 0.9836049 -1.52588e-5 0.1076675 -0.9830406 0.1484589 -2.28882e-5 0 0 0 1</matrix>
                  <node id="node-Bip001_L_Finger1" name="Bip001_L_Finger1">
                    <matrix>0.3749175 -0.6703949 0.6403184 9.816996 0.9140146 0.3827598 -0.1344333 -3.05176e-5 -0.1549647 0.6356622 0.7562536 7.62939e-6 0 0 0 1</matrix>
                    <extra>
                      <technique profile="OpenCOLLADA">
                        <cast_shadows>1</cast_shadows>
                        <primary_visibility>1</primary_visibility>
                        <receive_shadows>1</receive_shadows>
                        <secondary_visibility>1</secondary_visibility>
                      </technique>
                    </extra>
                  </node>
                  <node id="node-Bip001_L_Finger0" name="Bip001_L_Finger0">
                    <matrix>0.4419135 0.649568 0.6186874 3.711678 0.8815359 -0.4421998 -0.1653892 2.34304 0.1661518 0.6184834 -0.7680314 -5.048538 0 0 0 1</matrix>
                    <extra>
                      <technique profile="OpenCOLLADA">
                        <cast_shadows>1</cast_shadows>
                        <primary_visibility>1</primary_visibility>
                        <receive_shadows>1</receive_shadows>
                        <secondary_visibility>1</secondary_visibility>
                      </technique>
                    </extra>
                  </node>
                  <extra>
                    <technique profile="OpenCOLLADA">
                      <cast_shadows>1</cast_shadows>
                      <primary_visibility>1</primary_visibility>
                      <receive_shadows>1</receive_shadows>
                      <secondary_visibility>1</secondary_visibility>
                    </technique>
                  </extra>
                </node>
                <extra>
                  <technique profile="OpenCOLLADA">
                    <cast_shadows>1</cast_shadows>
                    <primary_visibility>1</primary_visibility>
                    <receive_shadows>1</receive_shadows>
                    <secondary_visibility>1</secondary_visibility>
                  </technique>
                </extra>
              </node>
              <extra>
                <technique profile="OpenCOLLADA">
                  <cast_shadows>1</cast_shadows>
                  <primary_visibility>1</primary_visibility>
                  <receive_shadows>1</receive_shadows>
                  <secondary_visibility>1</secondary_visibility>
                </technique>
              </extra>
            </node>
            <extra>
              <technique profile="OpenCOLLADA">
                <cast_shadows>1</cast_shadows>
                <primary_visibility>1</primary_visibility>
                <receive_shadows>1</receive_shadows>
                <secondary_visibility>1</secondary_visibility>
              </technique>
            </extra>
          </node>
          <extra>
            <technique profile="OpenCOLLADA">
              <cast_shadows>1</cast_shadows>
              <primary_visibility>1</primary_visibility>
              <receive_shadows>1</receive_shadows>
              <secondary_visibility>1</secondary_visibility>
            </technique>
          </extra>
        </node>
        <node id="node-Bip001_R_Thigh" name="Bip001_R_Thigh">
          <matrix sid="matrix">-0.8902469 -0.3964604 -0.2242318 -1.52588e-5 -0.4529287 0.8225757 0.3438382 -9.53674e-6 0.04812947 0.4076619 -0.9118637 -10.72609 0 0 0 1</matrix>
          <node id="node-Bip001_R_Calf" name="Bip001_R_Calf">
            <matrix sid="matrix">0.9502844 0.3113849 -6.10948e-7 37.31352 -0.3113849 0.9502844 1.01328e-6 -1.90735e-5 9.08971e-7 -7.59959e-7 1 3.86238e-5 0 0 0 1</matrix>
            <node id="node-Bip001_R_Foot" name="Bip001_R_Foot">
              <matrix sid="matrix">0.915903 0.3936543 0.07847006 44.58315 -0.3671323 0.9005855 -0.2327218 1.90735e-5 -0.162281 0.1843418 0.9693721 1.54972e-5 0 0 0 1</matrix>
              <extra>
                <technique profile="OpenCOLLADA">
                  <cast_shadows>1</cast_shadows>
                  <primary_visibility>1</primary_visibility>
                  <receive_shadows>1</receive_shadows>
                  <secondary_visibility>1</secondary_visibility>
                </technique>
              </extra>
            </node>
            <extra>
              <technique profile="OpenCOLLADA">
                <cast_shadows>1</cast_shadows>
                <primary_visibility>1</primary_visibility>
                <receive_shadows>1</receive_shadows>
                <secondary_visibility>1</secondary_visibility>
              </technique>
            </extra>
          </node>
          <extra>
            <technique profile="OpenCOLLADA">
              <cast_shadows>1</cast_shadows>
              <primary_visibility>1</primary_visibility>
              <receive_shadows>1</receive_shadows>
              <secondary_visibility>1</secondary_visibility>
            </technique>
          </extra>
        </node>
        <node id="node-Bip001_L_Thigh" name="Bip001_L_Thigh">
          <matrix sid="matrix">-0.9230258 0.3586971 -0.1391399 3.05176e-5 0.3193394 0.9159765 0.2429184 1.38283e-5 0.214583 0.1797871 -0.960016 10.72611 0 0 0 1</matrix>
          <node id="node-Bip001_L_Calf" name="Bip001_L_Calf">
            <matrix sid="matrix">1 -5.96046e-8 -1.28523e-7 37.31359 1.49012e-7 1 4.45172e-7 -7.62939e-6 1.28523e-7 -4.39119e-7 1 1.43051e-5 0 0 0 1</matrix>
            <node id="node-Bip001_L_Foot" name="Bip001_L_Foot">
              <matrix sid="matrix">0.9936254 0.112616 0.005114507 44.58326 -0.1127075 0.9914378 0.06593635 -1.90735e-5 0.002354769 -0.06609246 0.9978104 1.14441e-5 0 0 0 1</matrix>
              <extra>
                <technique profile="OpenCOLLADA">
                  <cast_shadows>1</cast_shadows>
                  <primary_visibility>1</primary_visibility>
                  <receive_shadows>1</receive_shadows>
                  <secondary_visibility>1</secondary_visibility>
                </technique>
              </extra>
            </node>
            <extra>
              <technique profile="OpenCOLLADA">
                <cast_shadows>1</cast_shadows>
                <primary_visibility>1</primary_visibility>
                <receive_shadows>1</receive_shadows>
                <secondary_visibility>1</secondary_visibility>
              </technique>
            </extra>
          </node>
          <extra>
            <technique profile="OpenCOLLADA">
              <cast_shadows>1</cast_shadows>
              <primary_visibility>1</primary_visibility>
              <receive_shadows>1</receive_shadows>
              <secondary_visibility>1</secondary_visibility>
            </technique>
          </extra>
        </node>
        <extra>
          <technique profile="OpenCOLLADA">
            <cast_shadows>1</cast_shadows>
            <primary_visibility>1</primary_visibility>
            <receive_shadows>1</receive_shadows>
            <secondary_visibility>1</secondary_visibility>
          </technique>
        </extra>
      </node>
    </visual_scene>
  </library_visual_scenes>
  <library_animations>
    <animation>
      <source id="node-Bip001_Pelvis_matrix-input">
        <float_array id="node-Bip001_Pelvis_matrix-input-array" count="19">0 0.03333334 0.06666667 0.1 0.1333333 0.1666667 0.2 0.2333333 0.2666667 0.3 0.3333333 0.3666667 0.4 0.4333333 0.4666667 0.5 0.5333334 0.5666667 0.6</float_array>
        <technique_common>
          <accessor source="#node-Bip001_Pelvis_matrix-input-array" count="19" stride="1">
            <param name="TIME" type="float"/>
          </accessor>
        </technique_common>
      </source>
      <source id="node-Bip001_Pelvis_matrix-output">
        <float_array id="node-Bip001_Pelvis_matrix-output-array" count="304">0.1195437 -0.3194935 0.9400177 -1.208091 -0.0236994 -0.9474559 -0.3190076 -4.361037 0.992546 0.01585745 -0.1208342 96.39586 0 0 0 1 0.1551945 -0.2075162 0.9658426 -0.7780128 -0.01966547 -0.9781437 -0.2069992 -4.361037 0.9876883 0.01313138 -0.1558834 95.30442 0 0 0 1 0.1734854 -0.07191705 0.9822071 -0.2681266 -0.007541954 -0.9973982 -0.07169717 -4.361037 0.9848076 0.005030632 -0.1735764 93.15292 0 0 0 1 0.1683989 0.07194817 0.9830896 0.2683627 0.007323503 -0.9973964 0.07174074 -4.361037 0.9856917 -0.004881322 -0.1684874 90.21405 0 0 0 1 0.1399874 0.2077136 0.9681212 0.778249 0.01774096 -0.978118 0.2072932 -4.361037 0.9899943 -0.01184302 -0.1406093 89.67015 0 0 0 1 0.0968762 0.3198258 0.9425109 1.208327 0.01920777 -0.9473894 0.319507 -4.361037 0.9951112 -0.01284903 -0.09792262 91.19228 0 0 0 1 0.0476737 0.3951228 0.9173905 1.505391 0.01186197 -0.9185941 0.3950246 -4.361037 0.9987925 -0.007950186 -0.04847973 94.33068 0 0 0 1 0 0.4226211 0.9063065 1.616236 0 -0.9063065 0.4226211 -4.361037 1 0 0 96.5682 0 0 0 1 -0.04831606 0.3951178 0.9173589 1.505391 -0.01201993 -0.9185951 0.3950172 -4.361037 0.9987598 0.008059024 0.04913216 96.81481 0 0 0 1 -0.09697681 0.319825 0.9425006 1.208327 -0.01922589 -0.9473893 0.3195056 -4.361037 0.9951009 0.01286417 0.09802371 96.20398 0 0 0 1 -0.138991 0.2077255 0.9682621 0.7782487 -0.01761293 -0.9781165 0.2073113 -4.361037 0.990137 0.01176041 0.139608 95.03748 0 0 0 1 -0.1674723 0.07195287 0.9832476 0.2683625 -0.007281422 -0.9973962 0.07174801 -4.361037 0.9858499 0.004856288 0.1675602 93.15292 0 0 0 1 -0.1734831 -0.07191693 0.9822074 -0.2681267 0.007543563 -0.9973979 -0.07169681 -4.361037 0.9848079 -0.005028784 0.1735743 90.85652 0 0 0 1 -0.1551921 -0.2075159 0.9658429 -0.7780131 0.01966691 -0.9781435 -0.2069987 -4.361037 0.9876884 -0.01312941 0.1558814 89.66973 0 0 0 1 -0.1195416 -0.3194934 0.9400179 -1.208091 0.02370077 -0.947456 -0.3190074 -4.361037 0.9925462 -0.01585543 0.1208326 91.19194 0 0 0 1 -0.0676918 -0.3949251 0.9162161 -1.505155 0.01684194 -0.9186441 -0.3947272 -4.361037 0.9975643 -0.01128888 0.06883597 94.3306 0 0 0 1 0 -0.422616 0.906309 -1.616 0 -0.9063091 -0.4226159 -4.361037 1 0 0 96.56827 0 0 0 1 0.06769382 -0.3949253 0.9162158 -1.505155 -0.01684069 -0.9186438 -0.3947275 -4.361037 0.997564 0.01129084 -0.06883734 96.88582 0 0 0 1 0.1195437 -0.3194935 0.9400177 -1.208091 -0.0236994 -0.9474559 -0.3190076 -4.361037 0.992546 0.01585745 -0.1208342 96.39586 0 0 0 1</float_array>
        <technique_common>
          <accessor source="#node-Bip001_Pelvis_matrix-output-array" count="19" stride="16">
            <param name="TRANSFORM" type="float4x4"/>
          </accessor>
        </technique_common>
      </source>
      <source id="node-Bip001_Pelvis_matrix-interpolation">
        <Name_array id="node-Bip001_Pelvis_matrix-interpolation-array" count="19">LINEAR LINEAR LINEAR LINEAR LINEAR LINEAR LINEAR LINEAR LINEAR LINEAR LINEAR LINEAR LINEAR LINEAR LINEAR LINEAR LINEAR LINEAR LINEAR</Name_array>
        <technique_common>
          <accessor source="#node-Bip001_Pelvis_matrix-interpolation-array" count="19" stride="1">
            <param name="INTERPOLATION" type="name"/>
          </accessor>
        </technique_common>
      </source>
      <source id="node-Bip001_Spine_matrix-input">
        <float_array id="node-Bip001_Spine_matrix-input-array" count="19">0 0.03333334 0.06666667 0.1 0.1333333 0.1666667 0.2 0.2333333 0.2666667 0.3 0.3333333 0.3666667 0.4 0.4333333 0.4666667 0.5 0.5333334 0.5666667 0.6</float_array>
        <technique_common>
          <accessor source="#node-Bip001_Spine_matrix-input-array" count="19" stride="1">
            <param name="TIME" type="float"/>
          </accessor>
        </technique_common>
      </source>
      <source id="node-Bip001_Spine_matrix-output">
        <float_array id="node-Bip001_Spine_matrix-output-array" count="304">0.983146 -0.05458575 0.174484 9.784043 0.1405351 0.8360837 -0.5302962 -0.9660983 -0.1169367 0.5458796 0.8296633 -1.338404 0 0 0 1 0.9836124 -0.05962091 0.1701521 9.736145 0.134101 0.8727421 -0.4694024 -0.9985972 -0.1205127 0.4845277 0.8664352 -1.631633 0 0 0 1 0.9852547 -0.07509267 0.1537345 9.707734 0.1255027 0.9278942 -0.351086 -1.081969 -0.1162853 0.3652033 0.9236364 -1.743809 0 0 0 1 0.9881743 -0.09649991 0.1191607 9.716462 0.1178418 0.9751668 -0.1875172 -1.179677 -0.0981062 0.1993418 0.9750066 -1.628065 0 0 0 1 0.9912254 -0.1147147 0.06567484 9.758873 0.1148489 0.9933816 0.001740038 -1.244782 -0.06543976 0.00581789 0.9978396 -1.29103 0 0 0 1 0.9926549 -0.120867 0.005226075 9.809311 0.1176561 0.9745382 0.1908738 -1.24907 -0.02816337 -0.188857 0.9816007 -0.8179741 0 0 0 1 0.9922574 -0.1135565 -0.05030047 9.84562 0.124031 0.9270339 0.3538712 -1.195477 0.006445884 -0.3573701 0.9339408 -0.2946634 0 0 0 1 0.9907968 -0.09809595 -0.09327101 9.857522 0.1307057 0.8724825 0.4708402 -1.114827 0.0351898 -0.4786979 0.8772743 0.1965737 0 0 0 1 0.9886831 -0.07990837 -0.1269689 9.845276 0.135782 0.8365257 0.5308378 -1.037665 0.06379437 -0.5420704 0.8379085 0.6675463 0 0 0 1 0.9859894 -0.06458061 -0.1538007 9.80922 0.1375699 0.8362627 0.5307913 -0.9956012 0.09433895 -0.5445129 0.8334304 1.113568 0 0 0 1 0.9843914 -0.06234806 -0.1645792 9.76027 0.1336216 0.8733736 0.4683632 -1.012109 0.1145375 -0.4830442 0.8680723 1.471213 0 0 0 1 0.9852327 -0.07519495 -0.153825 9.718018 0.1255433 0.9281571 0.3503761 -1.083688 0.1164272 -0.3645136 0.9238911 1.684525 0 0 0 1 0.9879928 -0.0959807 -0.1210713 9.707756 0.1177549 0.9751029 0.1879049 -1.181131 0.1000217 -0.1999054 0.9746966 1.67823 0 0 0 1 0.9908384 -0.1139375 -0.07250976 9.736168 0.1141906 0.9934586 -6.58638e-4 -1.257464 0.07211047 -0.007627367 0.9973675 1.441595 0 0 0 1 0.9924436 -0.1214454 -0.01751506 9.784043 0.1159652 0.9749983 -0.1895541 -1.278708 0.04009765 0.1860907 0.9817141 1.043828 0 0 0 1 0.9924105 -0.1146415 0.04448598 9.833504 0.122967 0.9277986 -0.3522342 -1.228392 -8.93421e-4 0.3550312 0.9348539 0.4953432 0 0 0 1 0.9897114 -0.09281003 0.1088933 9.857529 0.133458 0.873188 -0.4687558 -1.114827 -0.05157905 0.4784657 0.8765901 -0.1965752 0 0 0 1 0.9853535 -0.06688189 0.1568624 9.833504 0.1409842 0.8369926 -0.528741 -1.005811 -0.09592944 0.5431118 0.8341627 -0.8617735 0 0 0 1 0.983146 -0.05458575 0.174484 9.784043 0.1405351 0.8360837 -0.5302962 -0.9660983 -0.1169367 0.5458796 0.8296633 -1.338404 0 0 0 1</float_array>
        <technique_common>
          <accessor source="#node-Bip001_Spine_matrix-output-array" count="19" stride="16">
            <param name="TRANSFORM" type="float4x4"/>
          </accessor>
        </technique_common>
      </source>
      <source id="node-Bip001_Spine_matrix-interpolation">
        <Name_array id="node-Bip001_Spine_matrix-interpolation-array" count="19">LINEAR LINEAR LINEAR LINEAR LINEAR LINEAR LINEAR LINEAR LINEAR LINEAR LINEAR LINEAR LINEAR LINEAR LINEAR LINEAR LINEAR LINEAR LINEAR</Name_array>
        <technique_common>
          <accessor source="#node-Bip001_Spine_matrix-interpolation-array" count="19" stride="1">
            <param name="INTERPOLATION" type="name"/>
          </accessor>
        </technique_common>
      </source>
      <source id="node-Bip001_Spine1_matrix-input">
        <float_array id="node-Bip001_Spine1_matrix-input-array" count="19">0 0.03333334 0.06666667 0.1 0.1333333 0.1666667 0.2 0.2333333 0.2666667 0.3 0.3333333 0.3666667 0.4 0.4333333 0.4666667 0.5 0.5333334 0.5666667 0.6</float_array>
        <technique_common>
          <accessor source="#node-Bip001_Spine1_matrix-input-array" count="19" stride="1">
            <param name="TIME" type="float"/>
          </accessor>
        </technique_common>
      </source>
      <source id="node-Bip001_Spine1_matrix-output">
        <float_array id="node-Bip001_Spine1_matrix-output-array" count="304">0.995683 -0.00145328 0.09280568 28.68501 0.03916406 0.9130866 -0.4058806 -0.02279281 -0.08414977 0.4077631 0.9092018 -1.57356e-5 0 0 0 1 0.9921221 0.008441448 0.1249876 28.68499 0.03962635 0.9253482 -0.3770413 -0.02278995 -0.1188399 0.379024 0.9177242 -1.40667e-5 0 0 0 1 0.9886239 0.005068182 0.1503213 28.68501 0.04080724 0.9529063 -0.300507 -0.02279472 -0.1447651 0.3032227 0.9418593 -1.71661e-5 0 0 0 1 0.9858967 -0.01034897 0.1670337 28.685 0.04201215 0.9814293 -0.1871648 -0.02279281 -0.1619949 0.1915425 0.9680233 -2.19345e-5 0 0 0 1 0.9844226 -0.03328275 0.1726382 28.685 0.04254728 0.99783 -0.05024349 -0.02279281 -0.1705914 0.05680614 0.9837028 -1.90735e-5 0 0 0 1 0.9849629 -0.05718553 0.163024 28.68502 0.04217225 0.994668 0.0941118 -0.02279472 -0.1675365 -0.08582156 0.9821232 -1.14441e-5 0 0 0 1 0.9873906 -0.07480067 0.139514 28.685 0.04132431 0.9725561 0.2289702 -0.02279424 -0.1528123 -0.2203178 0.9633839 -2.19345e-5 0 0 0 1 0.9905683 -0.0820772 0.1097124 28.68499 0.04031759 0.9398798 0.3391165 -0.02279472 -0.1309503 -0.3314949 0.9343247 -1.33514e-5 0 0 0 1 0.9935264 -0.0797488 0.08090406 28.68498 0.0394805 0.9101727 0.4123431 -0.02279233 -0.1065205 -0.4064797 0.907429 -1.62125e-5 0 0 0 1 0.9956831 -0.07202756 0.05854135 28.68499 0.039164 0.8978433 0.4385699 -0.02279376 -0.08415013 -0.434384 0.8967882 -2.0504e-5 0 0 0 1 0.9973895 -0.06100553 0.0386244 28.68499 0.03981262 0.9109132 0.4106727 -0.0227909 -0.06023681 -0.4080631 0.9109644 -1.93119e-5 0 0 0 1 0.9986113 -0.04978597 0.0172162 28.68502 0.04114133 0.9411883 0.3353673 -0.02279472 -0.03290027 -0.3341932 0.9419302 -1.49012e-5 0 0 0 1 0.9990547 -0.04347115 -2.92931e-4 28.685 0.04244053 0.9738653 0.2231247 -0.02278995 -0.009414196 -0.2229261 0.9747897 -2.57492e-5 0 0 0 1 0.9990696 -0.0426048 -0.006668746 28.68499 0.0430234 0.9952923 0.08684527 -0.02279281 0.002937316 -0.08705139 0.9961994 -2.57492e-5 0 0 0 1 0.9990863 -0.04273521 -4.72136e-4 28.68502 0.04263669 0.997422 -0.05772411 -0.02279472 0.002937734 0.05765122 0.9983325 -6.67572e-6 0 0 0 1 0.9991127 -0.03979998 0.01376348 28.68498 0.04171383 0.9801734 -0.193701 -0.02279472 -0.005781292 0.1941033 0.980964 -1.90735e-5 0 0 0 1 0.9989058 -0.03155058 0.03452712 28.68501 0.0406025 0.9513898 -0.3053008 -0.02279329 -0.0232163 0.3063685 0.9516297 -8.58307e-6 0 0 0 1 0.9979941 -0.01786005 0.06073218 28.68499 0.03964251 0.9242938 -0.3796176 -0.02279567 -0.04935437 0.3812639 0.9231475 -2.38419e-5 0 0 0 1 0.995683 -0.00145328 0.09280568 28.68501 0.03916406 0.9130866 -0.4058806 -0.02279281 -0.08414977 0.4077631 0.9092018 -1.57356e-5 0 0 0 1</float_array>
        <technique_common>
          <accessor source="#node-Bip001_Spine1_matrix-output-array" count="19" stride="16">
            <param name="TRANSFORM" type="float4x4"/>
          </accessor>
        </technique_common>
      </source>
      <source id="node-Bip001_Spine1_matrix-interpolation">
        <Name_array id="node-Bip001_Spine1_matrix-interpolation-array" count="19">LINEAR LINEAR LINEAR LINEAR LINEAR LINEAR LINEAR LINEAR LINEAR LINEAR LINEAR LINEAR LINEAR LINEAR LINEAR LINEAR LINEAR LINEAR LINEAR</Name_array>
        <technique_common>
          <accessor source="#node-Bip001_Spine1_matrix-interpolation-array" count="19" stride="1">
            <param name="INTERPOLATION" type="name"/>
          </accessor>
        </technique_common>
      </source>
      <source id="node-Bip001_R_UpperArm_matrix-input">
        <float_array id="node-Bip001_R_UpperArm_matrix-input-array" count="19">0 0.03333334 0.06666667 0.1 0.1333333 0.1666667 0.2 0.2333333 0.2666667 0.3 0.3333333 0.3666667 0.4 0.4333333 0.4666667 0.5 0.5333334 0.5666667 0.6</float_array>
        <technique_common>
          <accessor source="#node-Bip001_R_UpperArm_matrix-input-array" count="19" stride="1">
            <param name="TIME" type="float"/>
          </accessor>
        </technique_common>
      </source>
      <source id="node-Bip001_R_UpperArm_matrix-output">
        <float_array id="node-Bip001_R_UpperArm_matrix-output-array" count="304">-0.9269586 -0.2022331 -0.3159902 20.66261 0.3227109 -0.8593592 -0.396686 -5.312739 -0.1913259 -0.4696849 0.8618533 -20.37833 0 0 0 1 -0.9501651 -0.1139276 -0.2901835 20.66263 0.1923639 -0.9467552 -0.2581674 -5.312741 -0.2453203 -0.3011226 0.9214894 -20.37832 0 0 0 1 -0.9602394 0.006299018 -0.2791067 20.66264 0.0224533 -0.9947643 -0.09969884 -5.312742 -0.2782734 -0.1020016 0.9550707 -20.37832 0 0 0 1 -0.9471553 0.1396429 -0.2887857 20.66263 -0.1597963 -0.986016 0.04730784 -5.312741 -0.2781409 0.09095478 0.9562249 -20.37834 0 0 0 1 -0.9133577 0.260142 -0.3132156 20.66261 -0.3203313 -0.933969 0.1583975 -5.312746 -0.2513278 0.2450062 0.9363798 -20.37833 0 0 0 1 -0.8757538 0.3444431 -0.338252 20.66261 -0.4305109 -0.874256 0.2243598 -5.312738 -0.2184395 0.3421051 0.9139193 -20.37831 0 0 0 1 -0.8584332 0.3757365 -0.3491622 20.66261 -0.4709519 -0.8470726 0.2463178 -5.312741 -0.2032151 0.3758861 0.904109 -20.37832 0 0 0 1 -0.873157 0.3493674 -0.3399112 20.66263 -0.4368916 -0.8701635 0.227908 -5.312744 -0.2161545 0.3475038 0.9124246 -20.37833 0 0 0 1 -0.9044514 0.2828379 -0.3193285 20.66263 -0.3501674 -0.9197898 0.1771154 -5.312744 -0.24362 0.2720108 0.9309455 -20.37832 0 0 0 1 -0.9339416 0.1964652 -0.2985882 20.66264 -0.2359498 -0.9663805 0.1021582 -5.312746 -0.2684792 0.1658616 0.948899 -20.37832 0 0 0 1 -0.9517309 0.1131524 -0.2853151 20.66263 -0.1240046 -0.9920759 0.02019965 -5.312741 -0.2807686 0.05460506 0.9582213 -20.37833 0 0 0 1 -0.9598063 0.02779942 -0.2792835 20.6626 -0.007308781 -0.997221 -0.07414394 -5.312738 -0.2805684 -0.06912261 0.9573421 -20.37832 0 0 0 1 -0.9567147 -0.06709641 -0.2831883 20.66263 0.1253834 -0.9731506 -0.1930207 -5.312748 -0.2626339 -0.2201728 0.9394403 -20.37833 0 0 0 1 -0.9417659 -0.1532574 -0.2993152 20.66262 0.2496369 -0.9149982 -0.3169542 -5.312743 -0.2252972 -0.3732167 0.8999726 -20.37832 0 0 0 1 -0.9209857 -0.2179545 -0.3229256 20.66264 0.3467149 -0.8365639 -0.4242049 -5.312744 -0.1776905 -0.5026499 0.8460314 -20.37832 0 0 0 1 -0.9030775 -0.2565429 -0.3444375 20.66264 0.4072574 -0.7661564 -0.4971383 -5.312742 -0.1363557 -0.5892291 0.7963773 -20.37833 0 0 0 1 -0.8957671 -0.2694787 -0.3535296 20.66261 0.4282558 -0.7363442 -0.5238265 -5.312743 -0.1191594 -0.6206274 0.7749988 -20.37833 0 0 0 1 -0.9049384 -0.2530203 -0.3421517 20.66264 0.4016109 -0.7736375 -0.4900966 -5.312746 -0.1406969 -0.5809192 0.8017094 -20.37833 0 0 0 1 -0.9269586 -0.2022331 -0.3159902 20.66261 0.3227109 -0.8593592 -0.396686 -5.312739 -0.1913259 -0.4696849 0.8618533 -20.37833 0 0 0 1</float_array>
        <technique_common>
          <accessor source="#node-Bip001_R_UpperArm_matrix-output-array" count="19" stride="16">
            <param name="TRANSFORM" type="float4x4"/>
          </accessor>
        </technique_common>
      </source>
      <source id="node-Bip001_R_UpperArm_matrix-interpolation">
        <Name_array id="node-Bip001_R_UpperArm_matrix-interpolation-array" count="19">LINEAR LINEAR LINEAR LINEAR LINEAR LINEAR LINEAR LINEAR LINEAR LINEAR LINEAR LINEAR LINEAR LINEAR LINEAR LINEAR LINEAR LINEAR LINEAR</Name_array>
        <technique_common>
          <accessor source="#node-Bip001_R_UpperArm_matrix-interpolation-array" count="19" stride="1">
            <param name="INTERPOLATION" type="name"/>
          </accessor>
        </technique_common>
      </source>
      <source id="node-Bip001_R_Forearm_matrix-input">
        <float_array id="node-Bip001_R_Forearm_matrix-input-array" count="19">0 0.03333334 0.06666667 0.1 0.1333333 0.1666667 0.2 0.2333333 0.2666667 0.3 0.3333333 0.3666667 0.4 0.4333333 0.4666667 0.5 0.5333334 0.5666667 0.6</float_array>
        <technique_common>
          <accessor source="#node-Bip001_R_Forearm_matrix-input-array" count="19" stride="1">
            <param name="TIME" type="float"/>
          </accessor>
        </technique_common>
      </source>
      <source id="node-Bip001_R_Forearm_matrix-output">
        <float_array id="node-Bip001_R_Forearm_matrix-output-array" count="304">-0.3816398 0.9243111 0 27.57623 -0.9243108 -0.3816401 -8.12113e-7 2.09808e-5 -6.78003e-7 -3.8743e-7 0.9999996 8.7738e-5 0 0 0 1 -0.3243069 0.9459522 -1.41561e-7 27.57626 -0.9459511 -0.3243072 -7.81845e-7 2.09808e-5 -7.97212e-7 0 0.9999998 9.91821e-5 0 0 0 1 -0.2484627 0.9686422 0 27.57626 -0.9686409 -0.248463 -7.09668e-7 2.09808e-5 -6.81728e-7 -1.19209e-7 1 9.15527e-5 0 0 0 1 -0.157177 0.9875704 0 27.57624 -0.9875704 -0.157177 -1.56462e-7 1.52588e-5 -1.21072e-7 0 1 9.91821e-5 0 0 0 1 -0.05428665 0.9985256 1.19209e-7 27.57625 -0.9985256 -0.05428665 -3.12924e-7 1.52588e-5 -3.12924e-7 -1.63913e-7 1 8.7738e-5 0 0 0 1 0.05561423 0.9984528 -1.49012e-7 27.57623 -0.998452 0.05561423 -1.63913e-7 3.05176e-5 -1.93715e-7 1.63913e-7 1 9.15527e-5 0 0 0 1 0.1674248 0.9858847 -2.38419e-7 27.57623 -0.9858841 0.1674252 2.08616e-7 3.05176e-5 2.23517e-7 1.63913e-7 0.9999998 8.39233e-5 0 0 0 1 0.2843271 0.9587274 -2.68221e-7 27.57623 -0.958727 0.2843272 0 1.52588e-5 1.19209e-7 1.93715e-7 0.9999998 9.15527e-5 0 0 0 1 0.3925873 0.9197147 0 27.57624 -0.9197141 0.3925876 0 2.28882e-5 0 0 0.9999999 9.15527e-5 0 0 0 1 0.4685868 0.8834175 0 27.57625 -0.8834176 0.4685866 1.2666e-7 1.90735e-5 1.63913e-7 0 1 8.39233e-5 0 0 0 1 0.492175 0.8704965 -2.98023e-7 27.57626 -0.8704959 0.4921753 4.17232e-7 1.90735e-5 5.51343e-7 0 1 9.15527e-5 0 0 0 1 0.4215355 0.9068118 0 27.57623 -0.9068115 0.4215356 4.06057e-7 1.90735e-5 4.02331e-7 -1.93715e-7 0.9999997 9.15527e-5 0 0 0 1 0.2523062 0.9676471 0 27.57625 -0.9676474 0.2523061 1.41561e-7 2.28882e-5 1.3411e-7 0 1 8.7738e-5 0 0 0 1 0.02567416 0.9996711 0 27.57626 -0.9996702 0.02567422 -1.96509e-7 2.03848e-5 -2.09198e-7 0 0.9999999 8.7738e-5 0 0 0 1 -0.2003392 0.979727 0 27.57623 -0.9797258 -0.2003394 -9.40636e-7 1.52588e-5 -9.20147e-7 -2.83122e-7 1 9.15527e-5 0 0 0 1 -0.3669839 0.9302276 -3.27826e-7 27.57623 -0.9302268 -0.3669842 -1.2666e-6 1.14441e-5 -1.31875e-6 -1.63913e-7 1 9.91821e-5 0 0 0 1 -0.4306278 0.9025294 -3.57628e-7 27.57622 -0.9025298 -0.4306276 -9.83477e-7 2.47955e-5 -1.11759e-6 0 1 9.91821e-5 0 0 0 1 -0.4179129 0.9084874 4.61936e-7 27.57626 -0.9084864 -0.4179133 -7.07805e-7 2.86102e-5 -5.1409e-7 -6.78003e-7 0.9999998 9.15527e-5 0 0 0 1 -0.3816398 0.9243111 0 27.57623 -0.9243108 -0.3816401 -8.12113e-7 2.09808e-5 -6.78003e-7 -3.8743e-7 0.9999996 8.7738e-5 0 0 0 1</float_array>
        <technique_common>
          <accessor source="#node-Bip001_R_Forearm_matrix-output-array" count="19" stride="16">
            <param name="TRANSFORM" type="float4x4"/>
          </accessor>
        </technique_common>
      </source>
      <source id="node-Bip001_R_Forearm_matrix-interpolation">
        <Name_array id="node-Bip001_R_Forearm_matrix-interpolation-array" count="19">LINEAR LINEAR LINEAR LINEAR LINEAR LINEAR LINEAR LINEAR LINEAR LINEAR LINEAR LINEAR LINEAR LINEAR LINEAR LINEAR LINEAR LINEAR LINEAR</Name_array>
        <technique_common>
          <accessor source="#node-Bip001_R_Forearm_matrix-interpolation-array" count="19" stride="1">
            <param name="INTERPOLATION" type="name"/>
          </accessor>
        </technique_common>
      </source>
      <source id="node-Bip001_R_Hand_matrix-input">
        <float_array id="node-Bip001_R_Hand_matrix-input-array" count="19">0 0.03333334 0.06666667 0.1 0.1333333 0.1666667 0.2 0.2333333 0.2666667 0.3 0.3333333 0.3666667 0.4 0.4333333 0.4666667 0.5 0.5333334 0.5666667 0.6</float_array>
        <technique_common>
          <accessor source="#node-Bip001_R_Hand_matrix-input-array" count="19" stride="1">
            <param name="TIME" type="float"/>
          </accessor>
        </technique_common>
      </source>
      <source id="node-Bip001_R_Hand_matrix-output">
        <float_array id="node-Bip001_R_Hand_matrix-output-array" count="304">0.9867897 0.1158959 0.1132 26.59838 0.1033605 0.08766788 -0.990773 -3.8147e-5 -0.1247504 0.9893851 0.07453072 2.28882e-5 0 0 0 1 0.9930986 0.1172552 0.002616047 26.59839 -0.01040399 0.1102907 -0.9938445 -3.8147e-5 -0.1168218 0.9869592 0.1107493 3.8147e-5 0 0 0 1 0.9843869 0.1251001 -0.1238242 26.59838 -0.1405665 0.1353111 -0.9807811 -5.34058e-5 -0.1059411 0.982874 0.1507833 3.43323e-5 0 0 0 1 0.9587922 0.1394304 -0.2475421 26.59837 -0.2683294 0.1580755 -0.9502697 -4.57764e-5 -0.09336608 0.977533 0.188975 3.8147e-5 0 0 0 1 0.9230094 0.1568679 -0.3513503 26.59837 -0.3761101 0.1750884 -0.9098825 -3.8147e-5 -0.08121401 0.9719755 0.2206079 2.67029e-5 0 0 0 1 0.890385 0.1717284 -0.4215736 26.59838 -0.4494692 0.1850628 -0.8739164 -2.28882e-5 -0.07205855 0.9676062 0.2419638 3.43323e-5 0 0 0 1 0.8764739 0.1778667 -0.447389 26.59838 -0.476554 0.1883363 -0.858735 -1.52588e-5 -0.06848067 0.9658638 0.249835 3.05176e-5 0 0 0 1 0.9254942 0.1561105 -0.345094 26.59837 -0.3697991 0.1753943 -0.9124062 -3.05176e-5 -0.08190864 0.9720428 0.2200558 4.57764e-5 0 0 0 1 0.9870418 0.123566 -0.1023732 26.59838 -0.1189815 0.1355127 -0.9836053 -2.28882e-5 -0.1076674 0.9830402 0.1484588 3.05176e-5 0 0 0 1 0.9820505 0.1150871 0.1494371 26.59839 0.1398211 0.08756786 -0.9862973 -1.52588e-5 -0.1265959 0.989488 0.0699045 3.8147e-5 0 0 0 1 0.9577204 0.1195024 0.2617083 26.59837 0.2553793 0.06578874 -0.9646006 -3.05176e-5 -0.1324895 0.9906517 0.03248876 3.05176e-5 0 0 0 1 0.9585615 0.1195026 0.2586118 26.59837 0.2522607 0.06578809 -0.9654213 -1.52588e-5 -0.1323839 0.9906519 0.03291612 3.8147e-5 0 0 0 1 0.9606196 0.1195026 0.2508581 26.59837 0.2444518 0.06578803 -0.9674273 -1.52588e-5 -0.1321135 0.990652 0.03398466 3.05176e-5 0 0 0 1 0.9632015 0.1195028 0.2407534 26.59838 0.234276 0.06578814 -0.9699413 -4.57764e-5 -0.1317493 0.9906525 0.03537052 2.67029e-5 0 0 0 1 0.9656772 0.1195023 0.2306227 26.59837 0.2240748 0.06578809 -0.9723488 -3.8147e-5 -0.13137 0.9906525 0.03675258 3.8147e-5 0 0 0 1 0.9675092 0.1195021 0.2228121 26.59837 0.2162106 0.06578809 -0.9741277 -3.05176e-5 -0.1310686 0.990652 0.03781288 3.8147e-5 0 0 0 1 0.9682242 0.1195023 0.2196847 26.59836 0.2130616 0.06578826 -0.9748217 -3.05176e-5 -0.1309462 0.9906519 0.03823649 3.43323e-5 0 0 0 1 0.974541 0.1180301 0.1906279 26.59837 0.1831002 0.07173734 -0.9804729 -4.57764e-5 -0.1294004 0.9904159 0.04829955 2.28882e-5 0 0 0 1 0.9867897 0.1158959 0.1132 26.59838 0.1033605 0.08766788 -0.990773 -3.8147e-5 -0.1247504 0.9893851 0.07453072 2.28882e-5 0 0 0 1</float_array>
        <technique_common>
          <accessor source="#node-Bip001_R_Hand_matrix-output-array" count="19" stride="16">
            <param name="TRANSFORM" type="float4x4"/>
          </accessor>
        </technique_common>
      </source>
      <source id="node-Bip001_R_Hand_matrix-interpolation">
        <Name_array id="node-Bip001_R_Hand_matrix-interpolation-array" count="19">LINEAR LINEAR LINEAR LINEAR LINEAR LINEAR LINEAR LINEAR LINEAR LINEAR LINEAR LINEAR LINEAR LINEAR LINEAR LINEAR LINEAR LINEAR LINEAR</Name_array>
        <technique_common>
          <accessor source="#node-Bip001_R_Hand_matrix-interpolation-array" count="19" stride="1">
            <param name="INTERPOLATION" type="name"/>
          </accessor>
        </technique_common>
      </source>
      <source id="node-Bip001_Head_matrix-input">
        <float_array id="node-Bip001_Head_matrix-input-array" count="19">0 0.03333334 0.06666667 0.1 0.1333333 0.1666667 0.2 0.2333333 0.2666667 0.3 0.3333333 0.3666667 0.4 0.4333333 0.4666667 0.5 0.5333334 0.5666667 0.6</float_array>
        <technique_common>
          <accessor source="#node-Bip001_Head_matrix-input-array" count="19" stride="1">
            <param name="TIME" type="float"/>
          </accessor>
        </technique_common>
      </source>
      <source id="node-Bip001_Head_matrix-output">
